function mpc = nesta_case189_edin_mod
%NESTA_CASE189_EDIN_MOD

%% MATPOWER Case Format : Version 2
mpc.version = '2';

%%-----  Power Flow Data  -----%%
%% system MVA base
mpc.baseMVA = 100;

%% bus data
%	bus_i	type	Pd	Qd	Gs	Bs	area	Vm	Va	baseKV	zone	Vmax	Vmin
mpc.bus = [
	1	1	0	0	0	0	1	1.0353	-6.84501	220	1	1.1	0.9;
	2	2	0	0	0	0	1	1.06997	0.49452	13.8	1	1.1	0.9;
	3	2	0	0	0	0	1	1.06858	-0.20615	13.8	1	1.1	0.9;
	4	2	0	0	0	0	1	1.05353	-6.87114	13.8	1	1.1	0.9;
	5	1	0	0	0	0	1	1.06206	-0.36434	66	1	1.1	0.9;
	6	1	0	0	0	0	1	1.06206	-0.36469	66	1	1.1	0.9;
	7	1	0	0	0	0	1	1.05602	-4.9766	220	1	1.1	0.9;
	8	2	0	0	0	0	1	1.07447	-3.05031	10.5	1	1.1	0.9;
	9	2	0	0	0	0	1	1.07564	-2.92409	10.5	1	1.1	0.9;
	10	3	0	0	0	0	1	1.09931	0	10.5	1	1.1	0.9;
	11	1	0	0	0	0	1	1.06214	-4.45223	132	1	1.1	0.9;
	12	1	0	0	0	0	1	1.05314	-5.10127	220	1	1.1	0.9;
	13	2	0	0	0	0	1	1.09781	5.68529	13.8	1	1.1	0.9;
	14	2	0	0	0	0	1	1.1	-3.24208	13.8	1	1.1	0.9;
	15	1	0	0	0	0	1	1.05686	-4.98702	220	1	1.1	0.9;
	16	2	0	0	0	0	1	1.07714	-5.0418	11	1	1.1	0.9;
	17	1	0	0	0	0	1	1.03597	-6.94379	220	1	1.1	0.9;
	18	2	0	0	0	0	1	1.08559	-7.0801	11	1	1.1	0.9;
	19	2	0	0	0	0	1	1.0829	1.06776	11	1	1.1	0.9;
	20	1	0	0	0	0	1	1.03613	-6.94471	220	1	1.1	0.9;
	21	1	0	0	0	0	1	1.03195	-7.19973	220	1	1.1	0.9;
	22	1	0	0	0	0	1	1.01904	-2.0662	66	1	1.1	0.9;
	23	1	0	0	0	0	1	1.03776	-1.37246	66	1	1.1	0.9;
	24	1	0	0	0	0	1	1.0172	-2.33434	66	1	1.1	0.9;
	25	1	0	0	0	0	1	1.01371	-9.01973	220	1	1.1	0.9;
	26	1	0	0	0	0	1	1.02849	-6.62219	132	1	1.1	0.9;
	27	2	0	0	0	0	1	1.04068	-6.6733	10.5	1	1.1	0.9;
	28	2	0	0	0	0	1	1.04251	-5.00026	10.5	1	1.1	0.9;
	29	2	0	0	0	0	1	1.03576	-5.94948	10.5	1	1.1	0.9;
	30	1	0	0	0	0	1	1.02957	-3.05931	66	1	1.1	0.9;
	31	1	0	0	0	0	1	1.0477	-1.95161	66	1	1.1	0.9;
	32	2	0	0	0	0	1	1.05476	-1.28383	6.6	1	1.1	0.9;
	33	2	0	0	0	0	1	1.0592	-1.0044	6.6	1	1.1	0.9;
	34	1	0	0	0	0	1	1.0477	-1.95161	6.6	1	1.1	0.9;
	35	1	0	0	0	0	1	1.03287	-2.60323	66	1	1.1	0.9;
	36	2	0	0	0	0	1	1.03656	-0.80443	6.6	1	1.1	0.9;
	37	1	0	0	0	0	1	1.00796	-4.9876	11	1	1.1	0.9;
	38	1	0	0	0	0	1	1.03287	-2.60358	66	1	1.1	0.9;
	39	1	0	0	0	0	1	0.99976	-10.38028	220	1	1.1	0.9;
	40	1	0	0	0	0	1	1.00619	-8.53936	132	1	1.1	0.9;
	41	1	0	0	0	0	1	0.99999	-10.38412	220	1	1.1	0.9;
	42	2	0	0	0	0	1	1.02755	-7.44839	11	1	1.1	0.9;
	43	2	0	0	0	0	1	1.02839	-9.13593	11	1	1.1	0.9;
	44	1	0	0	0	0	1	1.01417	-2.88232	66	1	1.1	0.9;
	45	1	0	0	0	0	1	1.00948	-3.03032	33	1	1.1	0.9;
	46	1	0	0	0	0	1	1.01536	-8.88274	220	1	1.1	0.9;
	47	1	0	0	0	0	1	1.00619	-8.53936	132	1	1.1	0.9;
	48	1	0	0	0	0	1	0.99976	-10.38033	220	1	1.1	0.9;
	49	1	0	0	0	0	1	1.03672	-8.04135	132	1	1.1	0.9;
	50	2	0	0	0	0	1	1.0534	-5.59797	11	1	1.1	0.9;
	51	2	0	0	0	0	1	1.05129	-8.09624	11	1	1.1	0.9;
	52	2	0	0	0	0	1	1.05368	-3.59113	11	1	1.1	0.9;
	53	2	0	0	0	0	1	1.05129	-8.09624	11	1	1.1	0.9;
	54	1	0	0	0	0	1	1.0285	-2.89676	66	1	1.1	0.9;
	55	1	0	0	0	0	1	1.03603	-8.08134	132	1	1.1	0.9;
	56	1	0	0	0	0	1	1.0244	-8.93098	132	1	1.1	0.9;
	57	1	0	0	0	0	1	0.99472	-10.96888	220	1	1.1	0.9;
	58	1	0	0	0	0.3	1	1.0187	-9.07256	132	1	1.1	0.9;
	59	1	0	0	0	0	1	1.01589	-9.19357	132	1	1.1	0.9;
	60	1	0	0	0	0	1	0.93336	-18.36542	21	1	1.1	0.9;
	61	1	0	0	0	0	1	0.98155	-11.9684	220	1	1.1	0.9;
	62	1	0	0	0	0	1	0.98299	-11.83588	220	1	1.1	0.9;
	63	1	0	0	0	0	1	0.92164	-20.16422	33	1	1.1	0.9;
	64	1	0	0	0	0	1	0.98433	-11.75182	220	1	1.1	0.9;
	65	1	0	0	0	0	1	0.96616	-15.35051	33	1	1.1	0.9;
	66	1	0	0	0	0	1	0.98311	-11.87782	220	1	1.1	0.9;
	67	1	0	0	0	0	1	0.95056	-17.74255	33	1	1.1	0.9;
	68	1	0	0	0	0	1	0.96169	-15.93189	33	1	1.1	0.9;
	69	1	0	0	0	0	1	1.0202	-9.13232	132	1	1.1	0.9;
	70	1	0	0	0	0	1	1.00664	-10.24036	33	1	1.1	0.9;
	71	1	0	0	0	0.08	1	0.98494	-11.67797	220	1	1.1	0.9;
	72	1	0	0	0	0.43	1	0.98651	-7.88814	132	1	1.1	0.9;
	73	1	0	0	0	0	1	0.98586	-7.92899	132	1	1.1	0.9;
	74	1	0	0	0	0	1	0.97442	-8.90732	11	1	1.1	0.9;
	75	1	0	0	0	0	1	0.99575	-10.75155	220	1	1.1	0.9;
	76	1	0	0	0	0.75	1	0.97125	-14.48724	220	1	1.1	0.9;
	77	1	0	0	0	0	1	0.9617	-12.77386	132	1	1.1	0.9;
	78	1	0	0	0	0	1	0.95853	-13.15465	66	1	1.1	0.9;
	79	1	0	0	0	0	1	0.95853	-13.15465	11	1	1.1	0.9;
	80	1	0	0	0	0	1	0.96906	-14.77842	220	1	1.1	0.9;
	81	1	0	0	0	0	1	0.96868	-14.90716	220	1	1.1	0.9;
	82	1	0	0	0	0	1	1.01524	-9.23155	132	1	1.1	0.9;
	83	1	0	0	0	0	1	1.01428	-9.2606	11	1	1.1	0.9;
	84	1	0	0	0	0	1	1.01939	-9.17208	132	1	1.1	0.9;
	85	1	0	0	0	0	1	1.01241	-9.68121	11	1	1.1	0.9;
	86	1	0	0	0	0	1	1.01481	-9.24381	132	1	1.1	0.9;
	87	1	0	0	0	0	1	1.00923	-9.50875	11	1	1.1	0.9;
	88	1	0	0	0	0	1	0.98428	-8.19364	132	1	1.1	0.9;
	89	1	0	0	0	0	1	0.97772	-8.83959	11	1	1.1	0.9;
	90	1	0	0	0	0	1	0.98512	-8.13921	132	1	1.1	0.9;
	91	1	0	0	0	0	1	0.98168	-8.48247	11	1	1.1	0.9;
	92	1	0	0	0	0	1	0.98515	-8.13342	132	1	1.1	0.9;
	93	1	0	0	0	0	1	1.04878	0.24477	132	1	1.1	0.9;
	94	1	0	0	0	0	1	1.06878	2.81202	132	1	1.1	0.9;
	95	1	0	0	0	0	1	1.06878	2.81202	11	1	1.1	0.9;
	96	1	0	0	0	0	1	1.06418	2.02157	132	1	1.1	0.9;
	97	1	0	0	0	0	1	1.08032	2.47569	132	1	1.1	0.9;
	98	2	0	0	0	0	1	1.1	3.95255	11	1	1.1	0.9;
	99	2	0	0	0	0	1	1.1	2.44441	11	1	1.1	0.9;
	100	1	0	0	0	0	1	1.08032	2.47569	11	1	1.1	0.9;
	101	1	0	0	0	0	1	1.08032	2.47569	11	1	1.1	0.9;
	102	2	0	0	0	0	1	1.09741	10.87892	11	1	1.1	0.9;
	103	1	0	0	0	0	1	0.96183	-11.10564	132	1	1.1	0.9;
	104	2	0	0	0	0	1	0.95654	-13.06751	66	1	1.1	0.9;
	105	1	0	0	0	0	1	0.95474	-13.26013	19	1	1.1	0.9;
	106	1	0	0	0	0	1	0.95474	-13.26013	0.41	1	1.1	0.9;
	107	1	0	0	0	0	1	0.95654	-13.06751	11	1	1.1	0.9;
	108	1	0	0	0	0	1	0.95474	-13.26013	11	1	1.1	0.9;
	109	1	0	0	0	0	1	0.99212	-3.00717	132	1	1.1	0.9;
	110	1	0	0	0	0	1	0.9918	-3.10984	19	1	1.1	0.9;
	111	1	0	0	0	0	1	0.9918	-3.10984	0.41	1	1.1	0.9;
	112	1	0	0	0	0	1	0.9918	-3.10984	11	1	1.1	0.9;
	113	1	0	0	0	0	1	0.99125	-4.43922	132	1	1.1	0.9;
	114	1	0	0	0	0	1	0.99203	-4.60228	33	1	1.1	0.9;
	115	1	0	0	0	0	1	0.98438	-6.499	132	1	1.1	0.9;
	116	1	0	0	0	0	1	0.98248	-7.79624	66	1	1.1	0.9;
	117	2	0	0	0	0	1	0.98579	-7.5533	6.3	1	1.1	0.9;
	118	1	0	0	0	0	1	0.98454	-7.64326	33	1	1.1	0.9;
	119	1	0	0	0	0	1	0.99208	-1.87621	132	1	1.1	0.9;
	120	1	0	0	0	0	1	0.99082	-2.02048	19	1	1.1	0.9;
	121	1	0	0	0	0	1	0.99082	-2.02048	0.41	1	1.1	0.9;
	122	1	0	0	0	0	1	0.99082	-2.02048	11	1	1.1	0.9;
	123	1	0	0	0	0	1	1.04602	8.79496	132	1	1.1	0.9;
	124	1	0	0	0	0	1	1.04461	8.45898	33	1	1.1	0.9;
	125	1	0	0	0	0	1	1.08218	13.50559	132	1	1.1	0.9;
	126	2	0	0	0	0	1	1.1	15.50344	11	1	1.1	0.9;
	127	2	0	0	0	0	1	1.1	18.59254	11	1	1.1	0.9;
	128	1	0	0	0	0	1	1.1	15.50344	11	1	1.1	0.9;
	129	1	0	0	0	0	1	1.1	18.59254	11	1	1.1	0.9;
	130	1	0	0	0	0	1	1.07722	12.86365	132	1	1.1	0.9;
	131	1	0	0	0	0	1	1.07478	12.22944	66	1	1.1	0.9;
	132	1	0	0	0	0	1	1.06074	12.08208	132	1	1.1	0.9;
	133	1	0	0	0	0	1	1.05721	11.8082	66	1	1.1	0.9;
	134	1	0	0	0	0	1	1.05555	11.64795	11	1	1.1	0.9;
	135	1	0	0	0	0	1	1.05555	11.64795	0.41	1	1.1	0.9;
	136	1	0	0	0	0	1	1.05555	11.64795	11	1	1.1	0.9;
	137	1	0	0	0	0	1	1.04754	11.78563	132	1	1.1	0.9;
	138	2	0	0	0	0	1	1.02937	14.63443	11	1	1.1	0.9;
	139	2	0	0	0	0	1	1.02778	13.67478	11	1	1.1	0.9;
	140	1	0	0	0	0	1	1.02853	14.15498	0.41	1	1.1	0.9;
	141	1	0	0	0	0	1	1.02823	13.90872	11	1	1.1	0.9;
	142	2	0	0	0	0	1	1.02823	13.90912	11	1	1.1	0.9;
	143	1	0	0	0	0	1	1.09834	15.29499	66	1	1.1	0.9;
	144	2	0	0	0	0	1	1.1	16.14819	11	1	1.1	0.9;
	145	1	0	0	0	0	1	1.09834	15.29499	33	1	1.1	0.9;
	146	1	0	0	0	0	1	1.09904	15.67332	6.6	1	1.1	0.9;
	147	1	0	0	0	0	1	1.09835	15.30009	11	1	1.1	0.9;
	148	1	0	0	0	0	1	1.09955	15.92972	0.38	1	1.1	0.9;
	149	1	0	0	0	0	1	1.09835	15.30256	0.22	1	1.1	0.9;
	150	1	0	0	0	0	1	1.09912	15.70987	0.38	1	1.1	0.9;
	151	1	0	0	0	0	1	1.09912	15.70987	0.22	1	1.1	0.9;
	152	1	0	0	0	0	1	1.09912	15.71108	6.6	1	1.1	0.9;
	153	1	0	0	0	0	1	1.09912	15.70987	6.6	1	1.1	0.9;
	154	1	0	0	0	0	1	1.09912	15.71108	0.22	1	1.1	0.9;
	155	1	0	0	0	0	1	1.08401	-0.29089	132	1	1.1	0.9;
	156	1	0	0	0	0	1	1.07588	-1.46156	66	1	1.1	0.9;
	157	1	0	0	0	0	1	1.08191	-0.4386	132	1	1.1	0.9;
	158	1	0	0	0	0	1	1.07963	-0.7394	132	1	1.1	0.9;
	159	1	0	0	0	0	1	1.07475	-1.51914	66	1	1.1	0.9;
	160	1	0	0	0	0	1	1.07475	-1.51914	11	1	1.1	0.9;
	161	1	0	0	0	0	1	1.09163	-1.69257	132	1	1.1	0.9;
