%%%%%%%%%%%%%%%%%%%%%%%%%%%%%%%%%%%%%%%%%%%%%%%%%%%%%%%%%%%%%%%%%%%%%%%%%%%
%%%%                                                                  %%%%%
%%%%      NICTA Energy System Test Case Archive (NESTA) - v0.1.5      %%%%%
%%%%            Optimal Power Flow - Active Power Increase            %%%%%
%%%%                       30 - October - 2014                        %%%%%
%%%%                                                                  %%%%%
%%%%%%%%%%%%%%%%%%%%%%%%%%%%%%%%%%%%%%%%%%%%%%%%%%%%%%%%%%%%%%%%%%%%%%%%%%%
function mpc = nesta_case73_ieee_rts__api
mpc.version = '2';
mpc.baseMVA = 100.0;

%% area data
%	area	refbus
mpc.areas = [
	1	 101;
	2	 201;
	3	 301;
];

%% bus data
%	bus_i	type	Pd	Qd	Gs	Bs	area	Vm	Va	baseKV	zone	Vmax	Vmin
mpc.bus = [
	101	 2	 207.49	 22.00	 0.0	 0.0	 1	     1.0000	     0.0000	 138.0	 1	     1.0500	     0.9500;
	102	 2	 186.35	 20.00	 0.0	 0.0	 1	     1.0000	     0.0000	 138.0	 1	     1.0500	     0.9500;
	103	 1	 345.81	 37.00	 0.0	 0.0	 1	     1.0000	     0.0000	 138.0	 1	     1.0500	     0.9500;
	104	 1	 142.17	 15.00	 0.0	 0.0	 1	     1.0000	     0.0000	 138.0	 1	     1.0500	     0.9500;
	105	 1	 136.40	 14.00	 0.0	 0.0	 1	     1.0000	     0.0000	 138.0	 1	     1.0500	     0.9500;
	106	 1	 261.28	 28.00	 0.0	 -100.0	 1	     1.0000	     0.0000	 138.0	 1	     1.0500	     0.9500;
	107	 2	 240.15	 25.00	 0.0	 0.0	 1	     1.0000	     0.0000	 138.0	 1	     1.0500	     0.9500;
	108	 1	 328.52	 35.00	 0.0	 0.0	 1	     1.0000	     0.0000	 138.0	 1	     1.0500	     0.9500;
	109	 1	 336.20	 36.00	 0.0	 0.0	 1	     1.0000	     0.0000	 138.0	 1	     1.0500	     0.9500;
	110	 1	 374.63	 40.00	 0.0	 0.0	 1	     1.0000	     0.0000	 138.0	 1	     1.0500	     0.9500;
	111	 1	 0.00	 0.00	 0.0	 0.0	 1	     1.0000	     0.0000	 230.0	 1	     1.0500	     0.9500;
	112	 1	 0.00	 0.00	 0.0	 0.0	 1	     1.0000	     0.0000	 230.0	 1	     1.0500	     0.9500;
	113	 3	 509.11	 54.00	 0.0	 0.0	 1	     1.0000	     0.0000	 230.0	 1	     1.0500	     0.9500;
	114	 2	 372.71	 39.00	 0.0	 0.0	 1	     1.0000	     0.0000	 230.0	 1	     1.0500	     0.9500;
	115	 2	 609.01	 64.00	 0.0	 0.0	 1	     1.0000	     0.0000	 230.0	 1	     1.0500	     0.9500;
	116	 2	 192.12	 20.00	 0.0	 0.0	 1	     1.0000	     0.0000	 230.0	 1	     1.0500	     0.9500;
	117	 1	 0.00	 0.00	 0.0	 0.0	 1	     1.0000	     0.0000	 230.0	 1	     1.0500	     0.9500;
	118	 2	 639.75	 68.00	 0.0	 0.0	 1	     1.0000	     0.0000	 230.0	 1	     1.0500	     0.9500;
	119	 1	 347.73	 37.00	 0.0	 0.0	 1	     1.0000	     0.0000	 230.0	 1	     1.0500	     0.9500;
	120	 1	 245.91	 26.00	 0.0	 0.0	 1	     1.0000	     0.0000	 230.0	 1	     1.0500	     0.9500;
	121	 2	 0.00	 0.00	 0.0	 0.0	 1	     1.0000	     0.0000	 230.0	 1	     1.0500	     0.9500;
	122	 2	 0.00	 0.00	 0.0	 0.0	 1	     1.0000	     0.0000	 230.0	 1	     1.0500	     0.9500;
	123	 2	 0.00	 0.00	 0.0	 0.0	 1	     1.0000	     0.0000	 230.0	 1	     1.0500	     0.9500;
	124	 1	 0.00	 0.00	 0.0	 0.0	 1	     1.0000	     0.0000	 230.0	 1	     1.0500	     0.9500;
	201	 2	 207.49	 22.00	 0.0	 0.0	 2	     1.0000	     0.0000	 138.0	 2	     1.0500	     0.9500;
	202	 2	 186.35	 20.00	 0.0	 0.0	 2	     1.0000	     0.0000	 138.0	 2	     1.0500	     0.9500;
	203	 1	 345.81	 37.00	 0.0	 0.0	 2	     1.0000	     0.0000	 138.0	 2	     1.0500	     0.9500;
	204	 1	 142.17	 15.00	 0.0	 0.0	 2	     1.0000	     0.0000	 138.0	 2	     1.0500	     0.9500;
	205	 1	 136.40	 14.00	 0.0	 0.0	 2	     1.0000	     0.0000	 138.0	 2	     1.0500	     0.9500;
	206	 1	 261.28	 28.00	 0.0	 -100.0	 2	     1.0000	     0.0000	 138.0	 2	     1.0500	     0.9500;
	207	 2	 240.15	 25.00	 0.0	 0.0	 2	     1.0000	     0.0000	 138.0	 2	     1.0500	     0.9500;
	208	 1	 328.52	 35.00	 0.0	 0.0	 2	     1.0000	     0.0000	 138.0	 2	     1.0500	     0.9500;
	209	 1	 336.20	 36.00	 0.0	 0.0	 2	     1.0000	     0.0000	 138.0	 2	     1.0500	     0.9500;
	210	 1	 374.63	 40.00	 0.0	 0.0	 2	     1.0000	     0.0000	 138.0	 2	     1.0500	     0.9500;
	211	 1	 0.00	 0.00	 0.0	 0.0	 2	     1.0000	     0.0000	 230.0	 2	     1.0500	     0.9500;
	212	 1	 0.00	 0.00	 0.0	 0.0	 2	     1.0000	     0.0000	 230.0	 2	     1.0500	     0.9500;
	213	 2	 509.11	 54.00	 0.0	 0.0	 2	     1.0000	     0.0000	 230.0	 2	     1.0500	     0.9500;
	214	 2	 372.71	 39.00	 0.0	 0.0	 2	     1.0000	     0.0000	 230.0	 2	     1.0500	     0.9500;
	215	 2	 609.01	 64.00	 0.0	 0.0	 2	     1.0000	     0.0000	 230.0	 2	     1.0500	     0.9500;
	216	 2	 192.12	 20.00	 0.0	 0.0	 2	     1.0000	     0.0000	 230.0	 2	     1.0500	     0.9500;
	217	 1	 0.00	 0.00	 0.0	 0.0	 2	     1.0000	     0.0000	 230.0	 2	     1.0500	     0.9500;
	218	 2	 639.75	 68.00	 0.0	 0.0	 2	     1.0000	     0.0000	 230.0	 2	     1.0500	     0.9500;
	219	 1	 347.73	 37.00	 0.0	 0.0	 2	     1.0000	     0.0000	 230.0	 2	     1.0500	     0.9500;
	220	 1	 245.91	 26.00	 0.0	 0.0	 2	     1.0000	     0.0000	 230.0	 2	     1.0500	     0.9500;
	221	 2	 0.00	 0.00	 0.0	 0.0	 2	     1.0000	     0.0000	 230.0	 2	     1.0500	     0.9500;
	222	 2	 0.00	 0.00	 0.0	 0.0	 2	     1.0000	     0.0000	 230.0	 2	     1.0500	     0.9500;
	223	 2	 0.00	 0.00	 0.0	 0.0	 2	     1.0000	     0.0000	 230.0	 2	     1.0500	     0.9500;
	224	 1	 0.00	 0.00	 0.0	 0.0	 2	     1.0000	     0.0000	 230.0	 2	     1.0500	     0.9500;
	301	 2	 207.49	 22.00	 0.0	 0.0	 3	     1.0000	     0.0000	 138.0	 3	     1.0500	     0.9500;
	302	 2	 186.35	 20.00	 0.0	 0.0	 3	     1.0000	     0.0000	 138.0	 3	     1.0500	     0.9500;
	303	 1	 345.81	 37.00	 0.0	 0.0	 3	     1.0000	     0.0000	 138.0	 3	     1.0500	     0.9500;
	304	 1	 142.17	 15.00	 0.0	 0.0	 3	     1.0000	     0.0000	 138.0	 3	     1.0500	     0.9500;
	305	 1	 136.40	 14.00	 0.0	 0.0	 3	     1.0000	     0.0000	 138.0	 3	     1.0500	     0.9500;
	306	 1	 261.28	 28.00	 0.0	 -100.0	 3	     1.0000	     0.0000	 138.0	 3	     1.0500	     0.9500;
	307	 2	 240.15	 25.00	 0.0	 0.0	 3	     1.0000	     0.0000	 138.0	 3	     1.0500	     0.9500;
	308	 1	 328.52	 35.00	 0.0	 0.0	 3	     1.0000	     0.0000	 138.0	 3	     1.0500	     0.9500;
	309	 1	 336.20	 36.00	 0.0	 0.0	 3	     1.0000	     0.0000	 138.0	 3	     1.0500	     0.9500;
	310	 1	 374.63	 40.00	 0.0	 0.0	 3	     1.0000	     0.0000	 138.0	 3	     1.0500	     0.9500;
	311	 1	 0.00	 0.00	 0.0	 0.0	 3	     1.0000	     0.0000	 230.0	 3	     1.0500	     0.9500;
	312	 1	 0.00	 0.00	 0.0	 0.0	 3	     1.0000	     0.0000	 230.0	 3	     1.0500	     0.9500;
	313	 2	 509.11	 54.00	 0.0	 0.0	 3	     1.0000	     0.0000	 230.0	 3	     1.0500	     0.9500;
	314	 2	 372.71	 39.00	 0.0	 0.0	 3	     1.0000	     0.0000	 230.0	 3	     1.0500	     0.9500;
	315	 2	 609.01	 64.00	 0.0	 0.0	 3	     1.0000	     0.0000	 230.0	 3	     1.0500	     0.9500;
	316	 2	 192.12	 20.00	 0.0	 0.0	 3	     1.0000	     0.0000	 230.0	 3	     1.0500	     0.9500;
	317	 1	 0.00	 0.00	 0.0	 0.0	 3	     1.0000	     0.0000	 230.0	 3	     1.0500	     0.9500;
	318	 2	 639.75	 68.00	 0.0	 0.0	 3	     1.0000	     0.0000	 230.0	 3	     1.0500	     0.9500;
	319	 1	 347.73	 37.00	 0.0	 0.0	 3	     1.0000	     0.0000	 230.0	 3	     1.0500	     0.9500;
	320	 1	 245.91	 26.00	 0.0	 0.0	 3	     1.0000	     0.0000	 230.0	 3	     1.0500	     0.9500;
	321	 2	 0.00	 0.00	 0.0	 0.0	 3	     1.0000	     0.0000	 230.0	 3	     1.0500	     0.9500;
	322	 2	 0.00	 0.00	 0.0	 0.0	 3	     1.0000	     0.0000	 230.0	 3	     1.0500	     0.9500;
	323	 2	 0.00	 0.00	 0.0	 0.0	 3	     1.0000	     0.0000	 230.0	 3	     1.0500	     0.9500;
	324	 1	 0.00	 0.00	 0.0	 0.0	 3	     1.0000	     0.0000	 230.0	 3	     1.0500	     0.9500;
	325	 1	 0.00	 0.00	 0.0	 0.0	 3	     1.0000	     0.0000	 230.0	 3	     1.0500	     0.9500;
];

%% generator data
%	bus	Pg	Qg	Qmax	Qmin	Vg	mBase	status	Pmax	Pmin	Pc1	Pc2	Qc1min	Qc1max	Qc2min	Qc2max	ramp_agc	ramp_10	ramp_30	ramp_q	apf
