%%%%%%%%%%%%%%%%%%%%%%%%%%%%%%%%%%%%%%%%%%%%%%%%%%%%%%%%%%%%%%%%%%%%%%%%%%%
%%%%                                                                  %%%%%
%%%%      NICTA Energy System Test Case Archive (NESTA) - v0.1.5      %%%%%
%%%%            Optimal Power Flow - Active Power Increase            %%%%%
%%%%                       30 - October - 2014                        %%%%%
%%%%                                                                  %%%%%
%%%%%%%%%%%%%%%%%%%%%%%%%%%%%%%%%%%%%%%%%%%%%%%%%%%%%%%%%%%%%%%%%%%%%%%%%%%
function mpc = nesta_case118_ieee__api
mpc.version = '2';
mpc.baseMVA = 100.0;

%% bus data
%	bus_i	type	Pd	Qd	Gs	Bs	area	Vm	Va	baseKV	zone	Vmax	Vmin
mpc.bus = [
	1	 2	 84.97	 27.00	 0.0	 0.0	 1	     0.9550	    10.6700	 138.0	 1	     1.0600	     0.9400;
	2	 1	 33.32	 9.00	 0.0	 0.0	 1	     0.9710	    11.2200	 138.0	 1	     1.0600	     0.9400;
	3	 1	 64.98	 10.00	 0.0	 0.0	 1	     0.9680	    11.5600	 138.0	 1	     1.0600	     0.9400;
	4	 2	 64.98	 12.00	 0.0	 0.0	 1	     0.9980	    15.2800	 138.0	 1	     1.0600	     0.9400;
	5	 1	 0.00	 0.00	 0.0	 -40.0	 1	     1.0020	    15.7300	 138.0	 1	     1.0600	     0.9400;
	6	 2	 86.63	 22.00	 0.0	 0.0	 1	     0.9900	    13.0000	 138.0	 1	     1.0600	     0.9400;
	7	 1	 31.66	 2.00	 0.0	 0.0	 1	     0.9890	    12.5600	 138.0	 1	     1.0600	     0.9400;
	8	 2	 28.00	 0.00	 0.0	 0.0	 1	     1.0150	    20.7700	 345.0	 1	     1.0600	     0.9400;
	9	 1	 0.00	 0.00	 0.0	 0.0	 1	     1.0430	    28.0200	 345.0	 1	     1.0600	     0.9400;
	10	 2	 0.00	 0.00	 0.0	 0.0	 1	     1.0500	    35.6100	 345.0	 1	     1.0600	     0.9400;
	11	 1	 116.62	 23.00	 0.0	 0.0	 1	     0.9850	    12.7200	 138.0	 1	     1.0600	     0.9400;
	12	 2	 78.30	 10.00	 0.0	 0.0	 1	     0.9900	    12.2000	 138.0	 1	     1.0600	     0.9400;
	13	 1	 56.65	 16.00	 0.0	 0.0	 1	     0.9680	    11.3500	 138.0	 1	     1.0600	     0.9400;
	14	 1	 23.32	 1.00	 0.0	 0.0	 1	     0.9840	    11.5000	 138.0	 1	     1.0600	     0.9400;
	15	 2	 149.94	 30.00	 0.0	 0.0	 1	     0.9700	    11.2300	 138.0	 1	     1.0600	     0.9400;
	16	 1	 41.65	 10.00	 0.0	 0.0	 1	     0.9840	    11.9100	 138.0	 1	     1.0600	     0.9400;
	17	 1	 18.33	 3.00	 0.0	 0.0	 1	     0.9950	    13.7400	 138.0	 1	     1.0600	     0.9400;
	18	 2	 99.96	 34.00	 0.0	 0.0	 1	     0.9730	    11.5300	 138.0	 1	     1.0600	     0.9400;
	19	 2	 74.97	 25.00	 0.0	 0.0	 1	     0.9630	    11.0500	 138.0	 1	     1.0600	     0.9400;
	20	 1	 29.99	 3.00	 0.0	 0.0	 1	     0.9580	    11.9300	 138.0	 1	     1.0600	     0.9400;
	21	 1	 23.32	 8.00	 0.0	 0.0	 1	     0.9590	    13.5200	 138.0	 1	     1.0600	     0.9400;
	22	 1	 16.66	 5.00	 0.0	 0.0	 1	     0.9700	    16.0800	 138.0	 1	     1.0600	     0.9400;
	23	 1	 11.66	 3.00	 0.0	 0.0	 1	     1.0000	    21.0000	 138.0	 1	     1.0600	     0.9400;
	24	 2	 13.00	 0.00	 0.0	 0.0	 1	     0.9920	    20.8900	 138.0	 1	     1.0600	     0.9400;
	25	 2	 0.00	 0.00	 0.0	 0.0	 1	     1.0500	    27.9300	 138.0	 1	     1.0600	     0.9400;
	26	 2	 0.00	 0.00	 0.0	 0.0	 1	     1.0150	    29.7100	 345.0	 1	     1.0600	     0.9400;
	27	 2	 118.29	 13.00	 0.0	 0.0	 1	     0.9680	    15.3500	 138.0	 1	     1.0600	     0.9400;
	28	 1	 28.32	 7.00	 0.0	 0.0	 1	     0.9620	    13.6200	 138.0	 1	     1.0600	     0.9400;
	29	 1	 39.99	 4.00	 0.0	 0.0	 1	     0.9630	    12.6300	 138.0	 1	     1.0600	     0.9400;
	30	 1	 0.00	 0.00	 0.0	 0.0	 1	     0.9680	    18.7900	 345.0	 1	     1.0600	     0.9400;
	31	 2	 71.64	 27.00	 0.0	 0.0	 1	     0.9670	    12.7500	 138.0	 1	     1.0600	     0.9400;
	32	 2	 98.30	 23.00	 0.0	 0.0	 1	     0.9640	    14.8000	 138.0	 1	     1.0600	     0.9400;
	33	 1	 38.32	 9.00	 0.0	 0.0	 1	     0.9720	    10.6300	 138.0	 1	     1.0600	     0.9400;
	34	 2	 98.30	 26.00	 0.0	 14.0	 1	     0.9860	    11.3000	 138.0	 1	     1.0600	     0.9400;
	35	 1	 54.98	 9.00	 0.0	 0.0	 1	     0.9810	    10.8700	 138.0	 1	     1.0600	     0.9400;
	36	 2	 51.65	 17.00	 0.0	 0.0	 1	     0.9800	    10.8700	 138.0	 1	     1.0600	     0.9400;
	37	 1	 0.00	 0.00	 0.0	 -25.0	 1	     0.9920	    11.7700	 138.0	 1	     1.0600	     0.9400;
	38	 1	 0.00	 0.00	 0.0	 0.0	 1	     0.9620	    16.9100	 345.0	 1	     1.0600	     0.9400;
	39	 1	 44.98	 11.00	 0.0	 0.0	 1	     0.9700	     8.4100	 138.0	 1	     1.0600	     0.9400;
	40	 2	 109.96	 23.00	 0.0	 0.0	 1	     0.9700	     7.3500	 138.0	 1	     1.0600	     0.9400;
	41	 1	 61.64	 10.00	 0.0	 0.0	 1	     0.9670	     6.9200	 138.0	 1	     1.0600	     0.9400;
	42	 2	 159.94	 23.00	 0.0	 0.0	 1	     0.9850	     8.5300	 138.0	 1	     1.0600	     0.9400;
	43	 1	 29.99	 7.00	 0.0	 0.0	 1	     0.9780	    11.2800	 138.0	 1	     1.0600	     0.9400;
	44	 1	 26.66	 8.00	 0.0	 10.0	 1	     0.9850	    13.8200	 138.0	 1	     1.0600	     0.9400;
	45	 1	 88.30	 22.00	 0.0	 10.0	 1	     0.9870	    15.6700	 138.0	 1	     1.0600	     0.9400;
	46	 2	 46.65	 10.00	 0.0	 10.0	 1	     1.0050	    18.4900	 138.0	 1	     1.0600	     0.9400;
	47	 1	 34.00	 0.00	 0.0	 0.0	 1	     1.0170	    20.7300	 138.0	 1	     1.0600	     0.9400;
	48	 1	 33.32	 11.00	 0.0	 15.0	 1	     1.0210	    19.9300	 138.0	 1	     1.0600	     0.9400;
	49	 2	 144.95	 30.00	 0.0	 0.0	 1	     1.0250	    20.9400	 138.0	 1	     1.0600	     0.9400;
	50	 1	 28.32	 4.00	 0.0	 0.0	 1	     1.0010	    18.9000	 138.0	 1	     1.0600	     0.9400;
	51	 1	 28.32	 8.00	 0.0	 0.0	 1	     0.9670	    16.2800	 138.0	 1	     1.0600	     0.9400;
	52	 1	 29.99	 5.00	 0.0	 0.0	 1	     0.9570	    15.3200	 138.0	 1	     1.0600	     0.9400;
	53	 1	 38.32	 11.00	 0.0	 0.0	 1	     0.9460	    14.3500	 138.0	 1	     1.0600	     0.9400;
	54	 2	 188.26	 32.00	 0.0	 0.0	 1	     0.9550	    15.2600	 138.0	 1	     1.0600	     0.9400;
	55	 2	 104.96	 22.00	 0.0	 0.0	 1	     0.9520	    14.9700	 138.0	 1	     1.0600	     0.9400;
	56	 2	 139.95	 18.00	 0.0	 0.0	 1	     0.9540	    15.1600	 138.0	 1	     1.0600	     0.9400;
	57	 1	 19.99	 3.00	 0.0	 0.0	 1	     0.9710	    16.3600	 138.0	 1	     1.0600	     0.9400;
	58	 1	 19.99	 3.00	 0.0	 0.0	 1	     0.9590	    15.5100	 138.0	 1	     1.0600	     0.9400;
	59	 2	 461.50	 113.00	 0.0	 0.0	 1	     0.9850	    19.3700	 138.0	 1	     1.0600	     0.9400;
	60	 1	 129.95	 3.00	 0.0	 0.0	 1	     0.9930	    23.1500	 138.0	 1	     1.0600	     0.9400;
	61	 2	 0.00	 0.00	 0.0	 0.0	 1	     0.9950	    24.0400	 138.0	 1	     1.0600	     0.9400;
	62	 2	 128.29	 14.00	 0.0	 0.0	 1	     0.9980	    23.4300	 138.0	 1	     1.0600	     0.9400;
	63	 1	 0.00	 0.00	 0.0	 0.0	 1	     0.9690	    22.7500	 345.0	 1	     1.0600	     0.9400;
	64	 1	 0.00	 0.00	 0.0	 0.0	 1	     0.9840	    24.5200	 345.0	 1	     1.0600	     0.9400;
	65	 2	 0.00	 0.00	 0.0	 0.0	 1	     1.0050	    27.6500	 345.0	 1	     1.0600	     0.9400;
	66	 2	 64.98	 18.00	 0.0	 0.0	 1	     1.0500	    27.4800	 138.0	 1	     1.0600	     0.9400;
	67	 1	 46.65	 7.00	 0.0	 0.0	 1	     1.0200	    24.8400	 138.0	 1	     1.0600	     0.9400;
	68	 1	 0.00	 0.00	 0.0	 0.0	 1	     1.0030	    27.5500	 345.0	 1	     1.0600	     0.9400;
	69	 3	 0.00	 0.00	 0.0	 0.0	 1	     1.0350	    30.0000	 138.0	 1	     1.0600	     0.9400;
	70	 2	 109.96	 20.00	 0.0	 0.0	 1	     0.9840	    22.5800	 138.0	 1	     1.0600	     0.9400;
	71	 1	 0.00	 0.00	 0.0	 0.0	 1	     0.9870	    22.1500	 138.0	 1	     1.0600	     0.9400;
	72	 2	 12.00	 0.00	 0.0	 0.0	 1	     0.9800	    20.9800	 138.0	 1	     1.0600	     0.9400;
	73	 2	 6.00	 0.00	 0.0	 0.0	 1	     0.9910	    21.9400	 138.0	 1	     1.0600	     0.9400;
	74	 2	 113.29	 27.00	 0.0	 12.0	 1	     0.9580	    21.6400	 138.0	 1	     1.0600	     0.9400;
	75	 1	 78.30	 11.00	 0.0	 0.0	 1	     0.9670	    22.9100	 138.0	 1	     1.0600	     0.9400;
	76	 2	 113.29	 36.00	 0.0	 0.0	 1	     0.9430	    21.7700	 138.0	 1	     1.0600	     0.9400;
	77	 2	 101.63	 28.00	 0.0	 0.0	 1	     1.0060	    26.7200	 138.0	 1	     1.0600	     0.9400;
	78	 1	 118.29	 26.00	 0.0	 0.0	 1	     1.0030	    26.4200	 138.0	 1	     1.0600	     0.9400;
