%%%%%%%%%%%%%%%%%%%%%%%%%%%%%%%%%%%%%%%%%%%%%%%%%%%%%%%%%%%%%%%%%%%%%%%%%%%
%%%%                                                                  %%%%%
%%%%      NICTA Energy System Test Case Archive (NESTA) - v0.1.5      %%%%%
%%%%            Optimal Power Flow - Active Power Increase            %%%%%
%%%%                       30 - October - 2014                        %%%%%
%%%%                                                                  %%%%%
%%%%%%%%%%%%%%%%%%%%%%%%%%%%%%%%%%%%%%%%%%%%%%%%%%%%%%%%%%%%%%%%%%%%%%%%%%%
function mpc = nesta_case29_edin__api
mpc.version = '2';
mpc.baseMVA = 100.0;

%% area data
%	area	refbus
mpc.areas = [
	1	 1;
];

%% bus data
%	bus_i	type	Pd	Qd	Gs	Bs	area	Vm	Va	baseKV	zone	Vmax	Vmin
mpc.bus = [
	1	 2	 2824.46	 102.00	 0.0	 0.0	 1	     1.0000	     0.0000	 275.0	 1	     1.1000	     0.9000;
	2	 2	 3096.05	 113.00	 0.0	 0.0	 1	     1.0000	     0.0000	 275.0	 1	     1.1000	     0.9000;
	3	 2	 3349.53	 105.00	 0.0	 0.0	 1	     1.0000	     0.0000	 132.0	 1	     1.1000	     0.9000;
	4	 2	 7894.02	 317.00	 0.0	 0.0	 1	     1.0000	     0.0000	 275.0	 1	     1.1000	     0.9000;
	5	 2	 3029.66	 128.00	 0.0	 0.0	 1	     1.0000	     0.0000	 400.0	 1	     1.1000	     0.9000;
	6	 2	 7097.37	 315.00	 0.0	 0.0	 1	     1.0000	     0.0000	 400.0	 1	     1.1000	     0.9000;
	7	 2	 4496.21	 171.00	 0.0	 0.0	 1	     1.0000	     0.0000	 400.0	 1	     1.1000	     0.9000;
	8	 1	 709.13	 37.40	 0.0	 0.0	 1	     1.0000	     0.0000	 400.0	 1	     1.1000	     0.9000;
	9	 1	 784.57	 53.00	 0.0	 0.0	 1	     1.0000	     0.0000	 400.0	 1	     1.1000	     0.9000;
	10	 2	 15456.10	 465.00	 0.0	 0.0	 1	     1.0000	     0.0000	 400.0	 1	     1.1000	     0.9000;
	11	 2	 20278.21	 760.00	 0.0	 0.0	 1	     1.0000	     0.0000	 400.0	 1	     1.1000	     0.9000;
	12	 2	 7175.83	 338.00	 0.0	 0.0	 1	     1.0000	     0.0000	 400.0	 1	     1.1000	     0.9000;
	13	 1	 15232.80	 766.00	 0.0	 0.0	 1	     1.0000	     0.0000	 400.0	 1	     1.1000	     0.9000;
	14	 1	 11050.42	 566.50	 0.0	 0.0	 1	     1.0000	     0.0000	 400.0	 1	     1.1000	     0.9000;
	15	 2	 15890.63	 694.60	 0.0	 0.0	 1	     1.0000	     0.0000	 400.0	 1	     1.1000	     0.9000;
	16	 2	 9698.54	 655.00	 0.0	 0.0	 1	     1.0000	     0.0000	 400.0	 1	     1.1000	     0.9000;
	17	 2	 6524.03	 371.00	 0.0	 0.0	 1	     1.0000	     0.0000	 400.0	 1	     1.1000	     0.9000;
	18	 2	 32360.64	 1935.00	 0.0	 0.0	 1	     1.0000	     0.0000	 400.0	 1	     1.1000	     0.9000;
	19	 2	 12185.03	 648.00	 0.0	 0.0	 1	     1.0000	     0.0000	 400.0	 1	     1.1000	     0.9000;
	20	 2	 6200.30	 305.80	 0.0	 0.0	 1	     1.0000	     0.0000	 400.0	 1	     1.1000	     0.9000;
	21	 2	 4236.70	 202.20	 0.0	 0.0	 1	     1.0000	     0.0000	 400.0	 1	     1.1000	     0.9000;
	22	 2	 10984.03	 665.00	 0.0	 0.0	 1	     1.0000	     0.0000	 400.0	 1	     1.1000	     0.9000;
	23	 2	 28570.55	 1337.00	 0.0	 0.0	 1	     1.0000	     0.0000	 400.0	 1	     1.1000	     0.9000;
	24	 1	 8557.89	 528.00	 0.0	 0.0	 1	     1.0000	     0.0000	 400.0	 1	     1.1000	     0.9000;
	25	 2	 58746.45	 2902.00	 0.0	 0.0	 1	     1.0000	     0.0000	 400.0	 1	     1.1000	     0.9000;
	26	 2	 8594.10	 434.00	 0.0	 0.0	 1	     1.0000	     0.0000	 400.0	 1	     1.1000	     0.9000;
	27	 3	 2758.08	 138.00	 0.0	 0.0	 1	     1.0000	     0.0000	 400.0	 1	     1.1000	     0.9000;
	28	 2	 16602.78	 841.00	 0.0	 0.0	 1	     1.0000	     0.0000	 400.0	 1	     1.1000	     0.9000;
	29	 2	 15552.66	 356.00	 0.0	 0.0	 1	     1.0000	     0.0000	 400.0	 1	     1.1000	     0.9000;
];

%% generator data
%	bus	Pg	Qg	Qmax	Qmin	Vg	mBase	status	Pmax	Pmin	Pc1	Pc2	Qc1min	Qc1max	Qc2min	Qc2max	ramp_agc	ramp_10	ramp_30	ramp_q	apf
mpc.gen = [
	1	 725.0	 14.0	 410.0	 -410.0	 1.0	 100.0	 1	 819	 0.0	 0.0	 0.0	 0.0	 0.0	 0.0	 0.0	 0.0	 0.0	 0.0	 0.0	 0.0; % NG
	1	 725.0	 14.0	 363.0	 -363.0	 1.0	 100.0	 1	 726	 0.0	 0.0	 0.0	 0.0	 0.0	 0.0	 0.0	 0.0	 0.0	 0.0	 0.0	 0.0; % COW
	1	 725.0	 14.0	 410.0	 -410.0	 1.0	 100.0	 1	 819	 0.0	 0.0	 0.0	 0.0	 0.0	 0.0	 0.0	 0.0	 0.0	 0.0	 0.0	 0.0; % NG
	1	 725.0	 14.0	 421.0	 -421.0	 1.0	 100.0	 1	 841	 0.0	 0.0	 0.0	 0.0	 0.0	 0.0	 0.0	 0.0	 0.0	 0.0	 0.0	 0.0; % PEL
	2	 1039.0	 16.0	 587.0	 -587.0	 1.0	 100.0	 1	 1173	 0.0	 0.0	 0.0	 0.0	 0.0	 0.0	 0.0	 0.0	 0.0	 0.0	 0.0	 0.0; % NG
	2	 1039.0	 16.0	 1108.51	 -665.0	 1.0	 100.0	 1	 1329	 0.0	 0.0	 0.0	 0.0	 0.0	 0.0	 0.0	 0.0	 0.0	 0.0	 0.0	 0.0; % NUC
	2	 1039.0	 16.0	 530.0	 -530.0	 1.0	 100.0	 1	 1059	 0.0	 0.0	 0.0	 0.0	 0.0	 0.0	 0.0	 0.0	 0.0	 0.0	 0.0	 0.0; % COW
	3	 854.0	 24.0	 482.0	 -482.0	 1.0	 100.0	 1	 964	 0.0	 0.0	 0.0	 0.0	 0.0	 0.0	 0.0	 0.0	 0.0	 0.0	 0.0	 0.0; % NG
	3	 854.0	 24.0	 496.0	 -496.0	 1.0	 100.0	 1	 991	 0.0	 0.0	 0.0	 0.0	 0.0	 0.0	 0.0	 0.0	 0.0	 0.0	 0.0	 0.0; % PEL
	3	 854.0	 24.0	 618.0	 -618.0	 1.0	 100.0	 1	 1235	 0.0	 0.0	 0.0	 0.0	 0.0	 0.0	 0.0	 0.0	 0.0	 0.0	 0.0	 0.0; % COW
	3	 854.0	 24.0	 482.0	 -482.0	 1.0	 100.0	 1	 964	 0.0	 0.0	 0.0	 0.0	 0.0	 0.0	 0.0	 0.0	 0.0	 0.0	 0.0	 0.0; % NG
	4	 1929.0	 41.0	 1090.0	 -1090.0	 1.0	 100.0	 1	 2179	 0.0	 0.0	 0.0	 0.0	 0.0	 0.0	 0.0	 0.0	 0.0	 0.0	 0.0	 0.0; % NG
	4	 1929.0	 41.0	 1020.0	 -1020.0	 1.0	 100.0	 1	 2040	 0.0	 0.0	 0.0	 0.0	 0.0	 0.0	 0.0	 0.0	 0.0	 0.0	 0.0	 0.0; % NUC
	4	 1929.0	 41.0	 1090.0	 -1090.0	 1.0	 100.0	 1	 2179	 0.0	 0.0	 0.0	 0.0	 0.0	 0.0	 0.0	 0.0	 0.0	 0.0	 0.0	 0.0; % NG
	4	 1929.0	 41.0	 1090.0	 -1090.0	 1.0	 100.0	 1	 2179	 0.0	 0.0	 0.0	 0.0	 0.0	 0.0	 0.0	 0.0	 0.0	 0.0	 0.0	 0.0; % NG
	5	 1628.0	 6.0	 920.0	 -920.0	 1.0	 100.0	 1	 1839	 0.0	 0.0	 0.0	 0.0	 0.0	 0.0	 0.0	 0.0	 0.0	 0.0	 0.0	 0.0; % NG
	5	 1628.0	 6.0	 920.0	 -920.0	 1.0	 100.0	 1	 1839	 0.0	 0.0	 0.0	 0.0	 0.0	 0.0	 0.0	 0.0	 0.0	 0.0	 0.0	 0.0; % NG
	6	 2486.0	 -110.0	 1315.0	 -1315.0	 1.0	 100.0	 1	 2630	 0.0	 0.0	 0.0	 0.0	 0.0	 0.0	 0.0	 0.0	 0.0	 0.0	 0.0	 0.0; % NUC
	6	 2486.0	 -110.0	 1348.0	 -1348.0	 1.0	 100.0	 1	 2696	 0.0	 0.0	 0.0	 0.0	 0.0	 0.0	 0.0	 0.0	 0.0	 0.0	 0.0	 0.0; % COW
	6	 2486.0	 -110.0	 1404.0	 -1404.0	 1.0	 100.0	 1	 2808	 0.0	 0.0	 0.0	 0.0	 0.0	 0.0	 0.0	 0.0	 0.0	 0.0	 0.0	 0.0; % NG
	7	 1776.0	 -101.0	 1003.0	 -1003.0	 1.0	 100.0	 1	 2006	 0.0	 0.0	 0.0	 0.0	 0.0	 0.0	 0.0	 0.0	 0.0	 0.0	 0.0	 0.0; % NG
	7	 1776.0	 -101.0	 963.0	 -963.0	 1.0	 100.0	 1	 1926	 0.0	 0.0	 0.0	 0.0	 0.0	 0.0	 0.0	 0.0	 0.0	 0.0	 0.0	 0.0; % COW
	7	 1776.0	 -101.0	 1031.0	 -1031.0	 1.0	 100.0	 1	 2062	 0.0	 0.0	 0.0	 0.0	 0.0	 0.0	 0.0	 0.0	 0.0	 0.0	 0.0	 0.0; % PEL
	10	 5286.0	 -614.0	 2867.0	 -2867.0	 1.0	 100.0	 1	 5734	 0.0	 0.0	 0.0	 0.0	 0.0	 0.0	 0.0	 0.0	 0.0	 0.0	 0.0	 0.0; % COW
	10	 5286.0	 -614.0	 2986.0	 -2986.0	 1.0	 100.0	 1	 5971	 0.0	 0.0	 0.0	 0.0	 0.0	 0.0	 0.0	 0.0	 0.0	 0.0	 0.0	 0.0; % NG
	10	 5286.0	 -614.0	 2867.0	 -2867.0	 1.0	 100.0	 1	 5734	 0.0	 0.0	 0.0	 0.0	 0.0	 0.0	 0.0	 0.0	 0.0	 0.0	 0.0	 0.0; % COW
	11	 3975.0	 448.0	 2245.0	 -2245.0	 1.0	 100.0	 1	 4490	 0.0	 0.0	 0.0	 0.0	 0.0	 0.0	 0.0	 0.0	 0.0	 0.0	 0.0	 0.0; % NG
	11	 3975.0	 448.0	 2156.0	 -2156.0	 1.0	 100.0	 1	 4312	 0.0	 0.0	 0.0	 0.0	 0.0	 0.0	 0.0	 0.0	 0.0	 0.0	 0.0	 0.0; % COW
	11	 3975.0	 448.0	 2103.0	 -2103.0	 1.0	 100.0	 1	 4205	 0.0	 0.0	 0.0	 0.0	 0.0	 0.0	 0.0	 0.0	 0.0	 0.0	 0.0	 0.0; % NUC
	11	 3975.0	 448.0	 2156.0	 -2156.0	 1.0	 100.0	 1	 4312	 0.0	 0.0	 0.0	 0.0	 0.0	 0.0	 0.0	 0.0	 0.0	 0.0	 0.0	 0.0; % COW
	11	 3975.0	 448.0	 2156.0	 -2156.0	 1.0	 100.0	 1	 4312	 0.0	 0.0	 0.0	 0.0	 0.0	 0.0	 0.0	 0.0	 0.0	 0.0	 0.0	 0.0; % COW
	12	 5058.0	 414.0	 2743.0	 -2743.0	 1.0	 100.0	 1	 5486	 0.0	 0.0	 0.0	 0.0	 0.0	 0.0	 0.0	 0.0	 0.0	 0.0	 0.0	 0.0; % COW
	12	 5058.0	 414.0	 2676.0	 -2676.0	 1.0	 100.0	 1	 5351	 0.0	 0.0	 0.0	 0.0	 0.0	 0.0	 0.0	 0.0	 0.0	 0.0	 0.0	 0.0; % NUC
	12	 5058.0	 414.0	 2857.0	 -2857.0	 1.0	 100.0	 1	 5714	 0.0	 0.0	 0.0	 0.0	 0.0	 0.0	 0.0	 0.0	 0.0	 0.0	 0.0	 0.0; % NG
	12	 5058.0	 414.0	 2743.0	 -2743.0	 1.0	 100.0	 1	 5486	 0.0	 0.0	 0.0	 0.0	 0.0	 0.0	 0.0	 0.0	 0.0	 0.0	 0.0	 0.0; % COW
