%%%%%%%%%%%%%%%%%%%%%%%%%%%%%%%%%%%%%%%%%%%%%%%%%%%%%%%%%%%%%%%%%%%%%%%%%%%
%%%%                                                                  %%%%%
%%%%      NICTA Energy System Test Case Archive (NESTA) - v0.1.5      %%%%%
%%%%            Optimal Power Flow - Active Power Increase            %%%%%
%%%%                       30 - October - 2014                        %%%%%
%%%%                                                                  %%%%%
%%%%%%%%%%%%%%%%%%%%%%%%%%%%%%%%%%%%%%%%%%%%%%%%%%%%%%%%%%%%%%%%%%%%%%%%%%%
function mpc = nesta_case162_ieee_dtc__api
mpc.version = '2';
mpc.baseMVA = 100.0;

%% bus data
%	bus_i	type	Pd	Qd	Gs	Bs	area	Vm	Va	baseKV	zone	Vmax	Vmin
mpc.bus = [
	1	 1	 0.00	 0.00	 0.0	 -100.0	 1	     1.0326	   -25.3300	 345.0	 9	     1.0600	     0.9400;
	2	 1	 0.00	 0.00	 0.0	 0.0	 1	     1.0224	   -29.9900	 345.0	 9	     1.0600	     0.9400;
	3	 1	 404.97	 96.90	 0.0	 0.0	 1	     0.9999	   -32.4900	 161.0	 12	     1.0600	     0.9400;
	4	 1	 0.00	 0.00	 0.0	 0.0	 1	     1.0190	   -33.7400	 345.0	 3	     1.0600	     0.9400;
	5	 1	 0.00	 0.00	 0.0	 -50.0	 1	     1.0339	   -24.5100	 345.0	 8	     1.0600	     0.9400;
	6	 2	 0.00	 0.00	 0.0	 0.0	 1	     1.0000	   -19.1500	 22.0	 9	     1.0600	     0.9400;
	7	 1	 0.00	 0.00	 0.0	 0.0	 1	     1.0187	   -30.3800	 345.0	 9	     1.0600	     0.9400;
	8	 1	 398.00	 0.00	 0.0	 0.0	 1	     1.0344	   -33.8100	 115.0	 12	     1.0600	     0.9400;
	9	 1	 0.00	 0.00	 0.0	 0.0	 1	     1.0263	   -27.7600	 345.0	 8	     1.0600	     0.9400;
	10	 1	 226.00	 0.00	 0.0	 0.0	 1	     0.9928	   -35.6900	 230.0	 12	     1.0600	     0.9400;
	11	 1	 0.00	 0.00	 0.0	 0.0	 1	     0.9996	   -31.8300	 230.0	 10	     1.0600	     0.9400;
	12	 1	 193.00	 0.00	 0.0	 0.0	 1	     1.0379	   -33.6600	 115.0	 12	     1.0600	     0.9400;
	13	 1	 204.00	 0.00	 0.0	 0.0	 1	     1.0147	   -30.6700	 345.0	 12	     1.0600	     0.9400;
	14	 1	 381.00	 0.00	 0.0	 0.0	 1	     1.0280	   -31.0300	 161.0	 12	     1.0600	     0.9400;
	15	 1	 -80.00	 0.00	 0.0	 0.0	 1	     1.0185	   -24.5200	 230.0	 12	     1.0600	     0.9400;
	16	 1	 -54.20	 0.00	 0.0	 0.0	 1	     1.0141	   -29.5800	 161.0	 12	     1.0600	     0.9400;
	17	 1	 -116.50	 0.00	 0.0	 0.0	 1	     1.0059	   -28.8000	 161.0	 12	     1.0600	     0.9400;
	18	 1	 37.65	 11.67	 0.0	 0.0	 1	     1.0353	   -33.7500	 161.0	 6	     1.0600	     0.9400;
	19	 1	 64.40	 0.00	 0.0	 0.0	 1	     0.9993	   -38.0500	 161.0	 12	     1.0600	     0.9400;
	20	 1	 41.48	 12.50	 0.0	 0.0	 1	     0.9793	   -32.6900	 69.0	 10	     1.0600	     0.9400;
	21	 1	 -69.80	 0.00	 0.0	 0.0	 1	     1.0080	   -30.4200	 161.0	 12	     1.0600	     0.9400;
	22	 1	 19.03	 5.27	 0.0	 0.0	 1	     1.0336	   -37.6300	 161.0	 6	     1.0600	     0.9400;
	23	 1	 63.50	 0.00	 0.0	 0.0	 1	     0.9881	   -34.8500	 161.0	 12	     1.0600	     0.9400;
	24	 1	 0.00	 0.00	 0.0	 0.0	 1	     1.0091	   -33.3200	 161.0	 6	     1.0600	     0.9400;
	25	 1	 0.00	 0.00	 0.0	 -50.0	 1	     1.0012	   -29.3700	 345.0	 6	     1.0600	     0.9400;
	26	 1	 0.00	 0.00	 0.0	 -50.0	 1	     1.0323	   -21.4900	 345.0	 1	     1.0600	     0.9400;
	27	 1	 354.63	 57.90	 0.0	 0.0	 1	     0.9978	   -30.3900	 345.0	 12	     1.0600	     0.9400;
	28	 1	 42.11	 13.17	 0.0	 0.0	 1	     0.9882	   -36.1300	 161.0	 6	     1.0600	     0.9400;
	29	 1	 30.99	 9.03	 0.0	 0.0	 1	     0.9879	   -37.9300	 161.0	 6	     1.0600	     0.9400;
	30	 1	 110.77	 32.52	 0.0	 15.0	 1	     0.9978	   -39.8100	 161.0	 6	     1.0600	     0.9400;
	31	 1	 72.50	 0.00	 0.0	 0.0	 1	     0.9902	   -37.0700	 161.0	 12	     1.0600	     0.9400;
	32	 1	 57.68	 15.06	 0.0	 20.0	 1	     1.0046	   -41.0800	 161.0	 6	     1.0600	     0.9400;
	33	 1	 49.44	 15.06	 0.0	 20.0	 1	     0.9980	   -43.0100	 161.0	 6	     1.0600	     0.9400;
	34	 1	 15.52	 5.25	 0.0	 3.2	 1	     0.9984	   -43.0000	 161.0	 1	     1.0600	     0.9400;
	35	 1	 59.63	 14.63	 0.0	 5.0	 1	     0.9891	   -44.4400	 161.0	 1	     1.0600	     0.9400;
	36	 1	 34.98	 8.68	 0.0	 3.0	 1	     0.9957	   -43.1600	 161.0	 2	     1.0600	     0.9400;
	37	 1	 0.00	 0.00	 0.0	 0.0	 1	     0.9868	   -30.5800	 345.0	 11	     1.0600	     0.9400;
	38	 1	 16.16	 4.08	 0.0	 1.5	 1	     1.0185	   -38.1500	 161.0	 2	     1.0600	     0.9400;
	39	 1	 0.00	 0.00	 0.0	 0.0	 1	     0.9874	   -33.2200	 345.0	 6	     1.0600	     0.9400;
	40	 1	 57.88	 17.60	 0.0	 0.0	 1	     0.9997	   -42.0600	 161.0	 1	     1.0600	     0.9400;
	41	 1	 42.91	 12.80	 0.0	 0.0	 1	     1.0074	   -40.2100	 161.0	 1	     1.0600	     0.9400;
	42	 1	 0.00	 0.00	 0.0	 0.0	 1	     1.0036	   -33.0300	 345.0	 2	     1.0600	     0.9400;
	43	 1	 41.50	 0.00	 0.0	 0.0	 1	     1.0118	   -35.6400	 161.0	 12	     1.0600	     0.9400;
	44	 1	 17.86	 3.71	 0.0	 0.0	 1	     1.0071	   -36.1600	 161.0	 2	     1.0600	     0.9400;
	45	 1	 21.91	 5.41	 0.0	 1.9	 1	     0.9955	   -36.2200	 161.0	 2	     1.0600	     0.9400;
	46	 1	 71.48	 22.30	 0.0	 26.2	 1	     0.9988	   -38.9600	 161.0	 10	     1.0600	     0.9400;
	47	 1	 5.28	 1.56	 0.0	 0.0	 1	     0.9907	   -41.6800	 161.0	 2	     1.0600	     0.9400;
	48	 1	 36.95	 22.86	 0.0	 0.0	 1	     0.9997	   -40.6000	 161.0	 10	     1.0600	     0.9400;
	49	 1	 7.46	 1.78	 0.0	 0.0	 1	     0.9886	   -42.0000	 161.0	 2	     1.0600	     0.9400;
	50	 1	 99.70	 0.00	 0.0	 0.0	 1	     0.9961	   -39.5000	 161.0	 12	     1.0600	     0.9400;
	51	 1	 0.00	 0.00	 0.0	 0.0	 1	     0.9915	   -38.2300	 161.0	 3	     1.0600	     0.9400;
	52	 1	 238.83	 42.80	 0.0	 0.0	 1	     1.0148	   -39.3300	 161.0	 3	     1.0600	     0.9400;
	53	 1	 0.00	 0.00	 0.0	 0.0	 1	     0.9954	   -30.6800	 161.0	 10	     1.0600	     0.9400;
	54	 1	 76.99	 29.57	 0.0	 0.0	 1	     0.9885	   -37.8700	 161.0	 10	     1.0600	     0.9400;
	55	 1	 0.00	 0.00	 0.0	 0.0	 1	     0.9960	   -30.3900	 161.0	 1	     1.0600	     0.9400;
	56	 1	 27.68	 7.26	 0.0	 3.2	 1	     0.9914	   -40.5000	 161.0	 7	     1.0600	     0.9400;
	57	 1	 53.06	 15.61	 0.0	 0.0	 1	     0.9975	   -37.5400	 161.0	 1	     1.0600	     0.9400;
	58	 1	 0.00	 0.00	 0.0	 0.0	 1	     1.0085	   -28.6900	 230.0	 10	     1.0600	     0.9400;
	59	 1	 92.41	 27.05	 0.0	 0.0	 1	     0.9842	   -33.0300	 230.0	 10	     1.0600	     0.9400;
	60	 1	 244.00	 0.00	 0.0	 0.0	 1	     0.9922	   -34.0100	 115.0	 12	     1.0600	     0.9400;
	61	 1	 0.00	 0.00	 0.0	 0.0	 1	     0.9833	   -31.4300	 230.0	 10	     1.0600	     0.9400;
	62	 1	 -865.60	 0.00	 0.0	 0.0	 1	     1.0235	   -18.4700	 230.0	 12	     1.0600	     0.9400;
	63	 1	 59.10	 0.00	 0.0	 0.0	 1	     0.9882	   -29.7700	 230.0	 12	     1.0600	     0.9400;
	64	 1	 0.00	 0.00	 0.0	 0.0	 1	     1.0152	   -28.8900	 345.0	 10	     1.0600	     0.9400;
	65	 1	 -26.30	 0.00	 0.0	 0.0	 1	     0.9965	   -25.3200	 345.0	 12	     1.0600	     0.9400;
	66	 1	 0.00	 0.00	 0.0	 -50.0	 1	     1.0004	   -31.1200	 345.0	 10	     1.0600	     0.9400;
	67	 1	 24.67	 7.03	 0.0	 6.0	 1	     0.9998	   -41.7400	 161.0	 7	     1.0600	     0.9400;
	68	 1	 44.24	 12.68	 0.0	 12.0	 1	     1.0134	   -40.2400	 161.0	 7	     1.0600	     0.9400;
	69	 1	 0.00	 0.00	 0.0	 0.0	 1	     1.0202	   -38.9200	 161.0	 1	     1.0600	     0.9400;
	70	 1	 0.00	 0.00	 0.0	 0.0	 1	     1.0263	   -23.5800	 161.0	 1	     1.0600	     0.9400;
	71	 1	 32.69	 11.93	 0.0	 12.0	 1	     0.9922	   -31.7800	 161.0	 1	     1.0600	     0.9400;
	72	 1	 427.00	 0.00	 0.0	 0.0	 1	     1.0167	   -30.7800	 161.0	 12	     1.0600	     0.9400;
	73	 2	 0.00	 0.00	 0.0	 0.0	 1	     1.0000	   -18.4600	 20.0	 1	     1.0600	     0.9400;
	74	 1	 0.00	 0.00	 0.0	 0.0	 1	     1.0116	   -33.5700	 345.0	 5	     1.0600	     0.9400;
	75	 1	 0.00	 0.00	 0.0	 -50.0	 1	     1.0299	   -25.4300	 345.0	 8	     1.0600	     0.9400;
	76	 2	 0.00	 0.00	 0.0	 0.0	 1	     1.0000	   -16.4900	 24.0	 1	     1.0600	     0.9400;
	77	 1	 28.91	 8.78	 0.0	 4.7	 1	     1.0111	   -40.4900	 161.0	 1	     1.0600	     0.9400;
	78	 1	 79.12	 0.00	 0.0	 0.0	 1	     1.0229	   -38.2400	 161.0	 5	     1.0600	     0.9400;
