%%%%%%%%%%%%%%%%%%%%%%%%%%%%%%%%%%%%%%%%%%%%%%%%%%%%%%%%%%%%%%%%%%%%%%%%%%%
%%%%                                                                  %%%%%
%%%%      NICTA Energy System Test Case Archive (NESTA) - v0.1.5      %%%%%
%%%%            Optimal Power Flow - Active Power Increase            %%%%%
%%%%                       30 - October - 2014                        %%%%%
%%%%                                                                  %%%%%
%%%%%%%%%%%%%%%%%%%%%%%%%%%%%%%%%%%%%%%%%%%%%%%%%%%%%%%%%%%%%%%%%%%%%%%%%%%
function mpc = nesta_case39_epri__api
mpc.version = '2';
mpc.baseMVA = 100.0;

%% bus data
%	bus_i	type	Pd	Qd	Gs	Bs	area	Vm	Va	baseKV	zone	Vmax	Vmin
mpc.bus = [
	1	 1	 161.00	 44.20	 0.0	 0.0	 2	     1.0394	   -13.5366	 345.0	 1	     1.0600	     0.9400;
	2	 1	 0.00	 0.00	 0.0	 0.0	 2	     1.0485	    -9.7853	 345.0	 1	     1.0600	     0.9400;
	3	 1	 531.16	 2.40	 0.0	 0.0	 2	     1.0307	   -12.2764	 345.0	 1	     1.0600	     0.9400;
	4	 1	 824.78	 184.00	 0.0	 0.0	 1	     1.0045	   -12.6267	 345.0	 1	     1.0600	     0.9400;
	5	 1	 0.00	 0.00	 0.0	 0.0	 1	     1.0060	   -11.1923	 345.0	 1	     1.0600	     0.9400;
	6	 1	 0.00	 0.00	 0.0	 0.0	 1	     1.0082	   -10.4083	 345.0	 1	     1.0600	     0.9400;
	7	 1	 385.67	 84.00	 0.0	 0.0	 1	     0.9984	   -12.7556	 345.0	 1	     1.0600	     0.9400;
	8	 1	 861.07	 176.60	 0.0	 0.0	 1	     0.9979	   -13.3358	 345.0	 1	     1.0600	     0.9400;
	9	 1	 6.50	 -66.60	 0.0	 0.0	 1	     1.0383	   -14.1784	 345.0	 1	     1.0600	     0.9400;
	10	 1	 0.00	 0.00	 0.0	 0.0	 1	     1.0178	    -8.1709	 345.0	 1	     1.0600	     0.9400;
	11	 1	 0.00	 0.00	 0.0	 0.0	 1	     1.0134	    -8.9370	 345.0	 1	     1.0600	     0.9400;
	12	 1	 14.07	 88.00	 0.0	 0.0	 1	     1.0008	    -8.9988	 345.0	 1	     1.0600	     0.9400;
	13	 1	 0.00	 0.00	 0.0	 0.0	 1	     1.0149	    -8.9299	 345.0	 1	     1.0600	     0.9400;
	14	 1	 0.00	 0.00	 0.0	 0.0	 1	     1.0123	   -10.7153	 345.0	 1	     1.0600	     0.9400;
	15	 1	 527.86	 153.00	 0.0	 0.0	 3	     1.0162	   -11.3454	 345.0	 1	     1.0600	     0.9400;
	16	 1	 542.70	 32.30	 0.0	 0.0	 3	     1.0325	   -10.0333	 345.0	 1	     1.0600	     0.9400;
	17	 1	 0.00	 0.00	 0.0	 0.0	 2	     1.0342	   -11.1164	 345.0	 1	     1.0600	     0.9400;
	18	 1	 260.63	 30.00	 0.0	 0.0	 2	     1.0316	   -11.9862	 345.0	 1	     1.0600	     0.9400;
	19	 1	 0.00	 0.00	 0.0	 0.0	 3	     1.0501	    -5.4101	 345.0	 1	     1.0600	     0.9400;
	20	 1	 1121.70	 103.00	 0.0	 0.0	 3	     0.9910	    -6.8212	 345.0	 1	     1.0600	     0.9400;
	21	 1	 451.98	 115.00	 0.0	 0.0	 3	     1.0323	    -7.6287	 345.0	 1	     1.0600	     0.9400;
	22	 1	 0.00	 0.00	 0.0	 0.0	 3	     1.0501	    -3.1831	 345.0	 1	     1.0600	     0.9400;
	23	 1	 408.26	 84.60	 0.0	 0.0	 3	     1.0451	    -3.3813	 345.0	 1	     1.0600	     0.9400;
	24	 1	 308.60	 -92.20	 0.0	 0.0	 3	     1.0380	    -9.9138	 345.0	 1	     1.0600	     0.9400;
	25	 1	 369.50	 47.20	 0.0	 0.0	 2	     1.0577	    -8.3692	 345.0	 1	     1.0600	     0.9400;
	26	 1	 229.29	 17.00	 0.0	 0.0	 2	     1.0526	    -9.4388	 345.0	 1	     1.0600	     0.9400;
	27	 1	 463.52	 75.50	 0.0	 0.0	 2	     1.0383	   -11.3622	 345.0	 1	     1.0600	     0.9400;
	28	 1	 339.81	 27.60	 0.0	 0.0	 3	     1.0504	    -5.9284	 345.0	 1	     1.0600	     0.9400;
	29	 1	 467.65	 26.90	 0.0	 0.0	 3	     1.0501	    -3.1699	 345.0	 1	     1.0600	     0.9400;
	30	 2	 0.00	 0.00	 0.0	 0.0	 2	     1.0499	    -7.3705	 345.0	 1	     1.0600	     0.9400;
	31	 3	 15.18	 4.60	 0.0	 0.0	 1	     0.9820	     0.0000	 345.0	 1	     1.0600	     0.9400;
	32	 2	 0.00	 0.00	 0.0	 0.0	 1	     0.9841	    -0.1884	 345.0	 1	     1.0600	     0.9400;
	33	 2	 0.00	 0.00	 0.0	 0.0	 3	     0.9972	    -0.1932	 345.0	 1	     1.0600	     0.9400;
	34	 2	 0.00	 0.00	 0.0	 0.0	 3	     1.0123	    -1.6311	 345.0	 1	     1.0600	     0.9400;
	35	 2	 0.00	 0.00	 0.0	 0.0	 3	     1.0494	     1.7765	 345.0	 1	     1.0600	     0.9400;
	36	 2	 0.00	 0.00	 0.0	 0.0	 3	     1.0636	     4.4684	 345.0	 1	     1.0600	     0.9400;
	37	 2	 0.00	 0.00	 0.0	 0.0	 2	     1.0275	    -1.5829	 345.0	 1	     1.0600	     0.9400;
	38	 2	 0.00	 0.00	 0.0	 0.0	 3	     1.0265	     3.8928	 345.0	 1	     1.0600	     0.9400;
	39	 2	 1821.11	 250.00	 0.0	 0.0	 1	     1.0300	   -14.5353	 345.0	 1	     1.0600	     0.9400;
];

%% generator data
%	bus	Pg	Qg	Qmax	Qmin	Vg	mBase	status	Pmax	Pmin	Pc1	Pc2	Qc1min	Qc1max	Qc2min	Qc2max	ramp_agc	ramp_10	ramp_30	ramp_q	apf
mpc.gen = [
	30	 88.0	 236.0	 400.0	 -283.2	 1.0499	 100.0	 1	 181	 0.0	 0.0	 0.0	 0.0	 0.0	 0.0	 0.0	 0.0	 0.0	 0.0	 0.0	 0.0; % COW
	31	 1453.0	 712.0	 854.4	 -854.4	 0.982	 100.0	 1	 1576	 0.0	 0.0	 0.0	 0.0	 0.0	 0.0	 0.0	 0.0	 0.0	 0.0	 0.0	 0.0; % COW
	32	 806.0	 401.0	 481.2	 -481.2	 0.9841	 100.0	 1	 962	 0.0	 0.0	 0.0	 0.0	 0.0	 0.0	 0.0	 0.0	 0.0	 0.0	 0.0	 0.0; % COW
	33	 859.0	 253.0	 796.0	 -796.0	 0.9972	 100.0	 1	 1592	 0.0	 0.0	 0.0	 0.0	 0.0	 0.0	 0.0	 0.0	 0.0	 0.0	 0.0	 0.0; % COW
	34	 859.0	 251.0	 485.0	 -485.0	 1.0123	 100.0	 1	 970	 0.0	 0.0	 0.0	 0.0	 0.0	 0.0	 0.0	 0.0	 0.0	 0.0	 0.0	 0.0; % NG
	35	 865.0	 250.0	 434.0	 -434.0	 1.0494	 100.0	 1	 868	 0.0	 0.0	 0.0	 0.0	 0.0	 0.0	 0.0	 0.0	 0.0	 0.0	 0.0	 0.0; % COW
	36	 874.0	 215.0	 1013.0	 -1013.0	 1.0636	 100.0	 1	 2026	 0.0	 0.0	 0.0	 0.0	 0.0	 0.0	 0.0	 0.0	 0.0	 0.0	 0.0	 0.0; % COW
	37	 887.0	 3.0	 570.0	 -570.0	 1.0275	 100.0	 1	 1139	 0.0	 0.0	 0.0	 0.0	 0.0	 0.0	 0.0	 0.0	 0.0	 0.0	 0.0	 0.0; % COW
	38	 1185.0	 188.0	 943.0	 -943.0	 1.0265	 100.0	 1	 1885	 0.0	 0.0	 0.0	 0.0	 0.0	 0.0	 0.0	 0.0	 0.0	 0.0	 0.0	 0.0; % COW
	39	 2330.0	 143.0	 1264.0	 -1264.0	 1.03	 100.0	 1	 2527	 0.0	 0.0	 0.0	 0.0	 0.0	 0.0	 0.0	 0.0	 0.0	 0.0	 0.0	 0.0; % COW
];

%% generator cost data
%	2	startup	shutdown	n	c(n-1)	...	c0
mpc.gencost = [
	2	 0.0	 0.0	 3	   0.000000	   1.165120	   0.000000; % COW
	2	 0.0	 0.0	 3	   0.000000	   0.634989	   0.000000; % COW
	2	 0.0	 0.0	 3	   0.000000	   0.551479	   0.000000; % COW
	2	 0.0	 0.0	 3	   0.000000	   0.947212	   0.000000; % COW
	2	 0.0	 0.0	 3	   0.000000	   1.572225	   0.000000; % NG
	2	 0.0	 0.0	 3	   0.000000	   0.867424	   0.000000; % COW
	2	 0.0	 0.0	 3	   0.000000	   0.734745	   0.000000; % COW
	2	 0.0	 0.0	 3	   0.000000	   0.879627	   0.000000; % COW
	2	 0.0	 0.0	 3	   0.000000	   0.941501	   0.000000; % COW
	2	 0.0	 0.0	 3	   0.000000	   0.294086	   0.000000; % COW
];

%% branch data
%	fbus	tbus	r	x	b	rateA	rateB	rateC	ratio	angle	status	angmin	angmax
