%%%%%%%%%%%%%%%%%%%%%%%%%%%%%%%%%%%%%%%%%%%%%%%%%%%%%%%%%%%%%%%%%%%%%%%%%%%
%%%%                                                                  %%%%%
%%%%      NICTA Energy System Test Case Archive (NESTA) - v0.1.5      %%%%%
%%%%            Optimal Power Flow - Active Power Increase            %%%%%
%%%%                       30 - October - 2014                        %%%%%
%%%%                                                                  %%%%%
%%%%%%%%%%%%%%%%%%%%%%%%%%%%%%%%%%%%%%%%%%%%%%%%%%%%%%%%%%%%%%%%%%%%%%%%%%%
function mpc = nesta_case24_ieee_rts__api
mpc.version = '2';
mpc.baseMVA = 100.0;

%% area data
%	area	refbus
mpc.areas = [
	1	 1;
	2	 3;
	3	 8;
	4	 6;
];

%% bus data
%	bus_i	type	Pd	Qd	Gs	Bs	area	Vm	Va	baseKV	zone	Vmax	Vmin
mpc.bus = [
	1	 2	 207.42	 22.00	 0.0	 0.0	 1	     1.0000	     0.0000	 138.0	 1	     1.0500	     0.9500;
	2	 2	 186.30	 20.00	 0.0	 0.0	 1	     1.0000	     0.0000	 138.0	 1	     1.0500	     0.9500;
	3	 1	 345.70	 37.00	 0.0	 0.0	 1	     1.0000	     0.0000	 138.0	 1	     1.0500	     0.9500;
	4	 1	 142.12	 15.00	 0.0	 0.0	 1	     1.0000	     0.0000	 138.0	 1	     1.0500	     0.9500;
	5	 1	 136.36	 14.00	 0.0	 0.0	 1	     1.0000	     0.0000	 138.0	 1	     1.0500	     0.9500;
	6	 1	 261.20	 28.00	 0.0	 -100.0	 2	     1.0000	     0.0000	 138.0	 1	     1.0500	     0.9500;
	7	 2	 240.07	 25.00	 0.0	 0.0	 2	     1.0000	     0.0000	 138.0	 1	     1.0500	     0.9500;
	8	 1	 328.42	 35.00	 0.0	 0.0	 2	     1.0000	     0.0000	 138.0	 1	     1.0500	     0.9500;
	9	 1	 336.10	 36.00	 0.0	 0.0	 1	     1.0000	     0.0000	 138.0	 1	     1.0500	     0.9500;
	10	 1	 374.51	 40.00	 0.0	 0.0	 2	     1.0000	     0.0000	 138.0	 1	     1.0500	     0.9500;
	11	 1	 0.00	 0.00	 0.0	 0.0	 3	     1.0000	     0.0000	 230.0	 1	     1.0500	     0.9500;
	12	 1	 0.00	 0.00	 0.0	 0.0	 3	     1.0000	     0.0000	 230.0	 1	     1.0500	     0.9500;
	13	 3	 508.95	 54.00	 0.0	 0.0	 3	     1.0000	     0.0000	 230.0	 1	     1.0500	     0.9500;
	14	 2	 372.59	 39.00	 0.0	 0.0	 3	     1.0000	     0.0000	 230.0	 1	     1.0500	     0.9500;
	15	 2	 608.82	 64.00	 0.0	 0.0	 4	     1.0000	     0.0000	 230.0	 1	     1.0500	     0.9500;
	16	 2	 192.06	 20.00	 0.0	 0.0	 4	     1.0000	     0.0000	 230.0	 1	     1.0500	     0.9500;
	17	 1	 0.00	 0.00	 0.0	 0.0	 4	     1.0000	     0.0000	 230.0	 1	     1.0500	     0.9500;
	18	 2	 639.55	 68.00	 0.0	 0.0	 4	     1.0000	     0.0000	 230.0	 1	     1.0500	     0.9500;
	19	 1	 347.62	 37.00	 0.0	 0.0	 3	     1.0000	     0.0000	 230.0	 1	     1.0500	     0.9500;
	20	 1	 245.83	 26.00	 0.0	 0.0	 3	     1.0000	     0.0000	 230.0	 1	     1.0500	     0.9500;
	21	 2	 0.00	 0.00	 0.0	 0.0	 4	     1.0000	     0.0000	 230.0	 1	     1.0500	     0.9500;
	22	 2	 0.00	 0.00	 0.0	 0.0	 4	     1.0000	     0.0000	 230.0	 1	     1.0500	     0.9500;
	23	 2	 0.00	 0.00	 0.0	 0.0	 3	     1.0000	     0.0000	 230.0	 1	     1.0500	     0.9500;
	24	 1	 0.00	 0.00	 0.0	 0.0	 4	     1.0000	     0.0000	 230.0	 1	     1.0500	     0.9500;
];

%% generator data
%	bus	Pg	Qg	Qmax	Qmin	Vg	mBase	status	Pmax	Pmin	Pc1	Pc2	Qc1min	Qc1max	Qc2min	Qc2max	ramp_agc	ramp_10	ramp_30	ramp_q	apf
mpc.gen = [
	1	 73.0	 1.0	 37.0	 -37.0	 1.035	 100.0	 1	 73	 8.0	 0.0	 0.0	 0.0	 0.0	 0.0	 0.0	 0.0	 0.0	 0.0	 0.0	 0.0; % PEL
	1	 73.0	 1.0	 61.0	 -61.0	 1.035	 100.0	 1	 122	 8.0	 0.0	 0.0	 0.0	 0.0	 0.0	 0.0	 0.0	 0.0	 0.0	 0.0	 0.0; % PEL
	1	 72.0	 1.0	 67.0	 -67.0	 1.035	 100.0	 1	 133	 7.6	 0.0	 0.0	 0.0	 0.0	 0.0	 0.0	 0.0	 0.0	 0.0	 0.0	 0.0; % PEL
	1	 72.0	 1.0	 59.0	 -59.0	 1.035	 100.0	 1	 117	 7.6	 0.0	 0.0	 0.0	 0.0	 0.0	 0.0	 0.0	 0.0	 0.0	 0.0	 0.0; % PEL
	2	 157.0	 31.0	 233.0	 -233.0	 1.035	 100.0	 1	 466	 8.0	 0.0	 0.0	 0.0	 0.0	 0.0	 0.0	 0.0	 0.0	 0.0	 0.0	 0.0; % NG
	2	 157.0	 31.0	 86.0	 -86.0	 1.035	 100.0	 1	 171	 8.0	 0.0	 0.0	 0.0	 0.0	 0.0	 0.0	 0.0	 0.0	 0.0	 0.0	 0.0; % PEL
	2	 156.0	 31.0	 293.0	 -293.0	 1.035	 100.0	 1	 585	 7.6	 0.0	 0.0	 0.0	 0.0	 0.0	 0.0	 0.0	 0.0	 0.0	 0.0	 0.0; % COW
	2	 156.0	 31.0	 91.0	 -91.0	 1.035	 100.0	 1	 181	 7.6	 0.0	 0.0	 0.0	 0.0	 0.0	 0.0	 0.0	 0.0	 0.0	 0.0	 0.0; % PEL
	7	 125.0	 42.0	 109.0	 -109.0	 1.025	 100.0	 1	 218	 12.5	 0.0	 0.0	 0.0	 0.0	 0.0	 0.0	 0.0	 0.0	 0.0	 0.0	 0.0; % COW
	7	 125.0	 42.0	 205.0	 -205.0	 1.025	 100.0	 1	 410	 12.5	 0.0	 0.0	 0.0	 0.0	 0.0	 0.0	 0.0	 0.0	 0.0	 0.0	 0.0; % COW
	7	 125.0	 42.0	 66.0	 -66.0	 1.025	 100.0	 1	 131	 12.5	 0.0	 0.0	 0.0	 0.0	 0.0	 0.0	 0.0	 0.0	 0.0	 0.0	 0.0; % COW
	13	 409.0	 106.0	 288.0	 -288.0	 1.02	 100.0	 1	 575	 34.5	 0.0	 0.0	 0.0	 0.0	 0.0	 0.0	 0.0	 0.0	 0.0	 0.0	 0.0; % COW
	13	 409.0	 106.0	 563.0	 -563.0	 1.02	 100.0	 1	 1126	 34.5	 0.0	 0.0	 0.0	 0.0	 0.0	 0.0	 0.0	 0.0	 0.0	 0.0	 0.0; % COW
	13	 409.0	 106.0	 272.0	 -272.0	 1.02	 100.0	 1	 543	 34.5	 0.0	 0.0	 0.0	 0.0	 0.0	 0.0	 0.0	 0.0	 0.0	 0.0	 0.0; % NG
	14	 0.0	 225.0	 270.0	 -270.0	 0.98	 100.0	 1	 0	 0.0	 0.0	 0.0	 0.0	 0.0	 0.0	 0.0	 0.0	 0.0	 0.0	 0.0	 0.0; % SYNC
	15	 134.0	 85.0	 102.0	 -102.0	 1.014	 100.0	 1	 171	 1.2	 0.0	 0.0	 0.0	 0.0	 0.0	 0.0	 0.0	 0.0	 0.0	 0.0	 0.0; % PEL
	15	 134.0	 85.0	 102.0	 -102.0	 1.014	 100.0	 1	 143	 1.2	 0.0	 0.0	 0.0	 0.0	 0.0	 0.0	 0.0	 0.0	 0.0	 0.0	 0.0; % NG
	15	 134.0	 85.0	 158.0	 -158.0	 1.014	 100.0	 1	 315	 1.2	 0.0	 0.0	 0.0	 0.0	 0.0	 0.0	 0.0	 0.0	 0.0	 0.0	 0.0; % NG
	15	 134.0	 85.0	 102.0	 -102.0	 1.014	 100.0	 1	 172	 1.2	 0.0	 0.0	 0.0	 0.0	 0.0	 0.0	 0.0	 0.0	 0.0	 0.0	 0.0; % PEL
	15	 134.0	 85.0	 168.0	 -168.0	 1.014	 100.0	 1	 335	 1.2	 0.0	 0.0	 0.0	 0.0	 0.0	 0.0	 0.0	 0.0	 0.0	 0.0	 0.0; % NG
	15	 186.0	 85.0	 228.0	 -228.0	 1.014	 100.0	 1	 456	 27.15	 0.0	 0.0	 0.0	 0.0	 0.0	 0.0	 0.0	 0.0	 0.0	 0.0	 0.0; % COW
	16	 419.0	 -48.0	 287.0	 -287.0	 1.017	 100.0	 1	 574	 27.15	 0.0	 0.0	 0.0	 0.0	 0.0	 0.0	 0.0	 0.0	 0.0	 0.0	 0.0; % NG
	18	 277.0	 44.0	 200.0	 -158.0	 1.05	 100.0	 1	 316	 50.0	 0.0	 0.0	 0.0	 0.0	 0.0	 0.0	 0.0	 0.0	 0.0	 0.0	 0.0; % NG
	21	 217.0	 -132.0	 200.0	 -158.4	 1.05	 100.0	 1	 269	 50.0	 0.0	 0.0	 0.0	 0.0	 0.0	 0.0	 0.0	 0.0	 0.0	 0.0	 0.0; % NG
	22	 81.0	 -7.0	 58.0	 -58.0	 1.05	 100.0	 1	 115	 5.0	 0.0	 0.0	 0.0	 0.0	 0.0	 0.0	 0.0	 0.0	 0.0	 0.0	 0.0; % NG
	22	 81.0	 -7.0	 43.0	 -43.0	 1.05	 100.0	 1	 85	 5.0	 0.0	 0.0	 0.0	 0.0	 0.0	 0.0	 0.0	 0.0	 0.0	 0.0	 0.0; % NG
	22	 81.0	 -7.0	 68.0	 -68.0	 1.05	 100.0	 1	 135	 5.0	 0.0	 0.0	 0.0	 0.0	 0.0	 0.0	 0.0	 0.0	 0.0	 0.0	 0.0; % NG
	22	 81.0	 -7.0	 55.0	 -55.0	 1.05	 100.0	 1	 109	 5.0	 0.0	 0.0	 0.0	 0.0	 0.0	 0.0	 0.0	 0.0	 0.0	 0.0	 0.0; % PEL
	22	 81.0	 -7.0	 112.0	 -112.0	 1.05	 100.0	 1	 224	 5.0	 0.0	 0.0	 0.0	 0.0	 0.0	 0.0	 0.0	 0.0	 0.0	 0.0	 0.0; % NG
	22	 81.0	 -7.0	 83.0	 -83.0	 1.05	 100.0	 1	 166	 5.0	 0.0	 0.0	 0.0	 0.0	 0.0	 0.0	 0.0	 0.0	 0.0	 0.0	 0.0; % NG
	23	 250.0	 16.0	 185.0	 -185.0	 1.05	 100.0	 1	 370	 27.15	 0.0	 0.0	 0.0	 0.0	 0.0	 0.0	 0.0	 0.0	 0.0	 0.0	 0.0; % NG
	23	 250.0	 16.0	 135.0	 -135.0	 1.05	 100.0	 1	 269	 27.15	 0.0	 0.0	 0.0	 0.0	 0.0	 0.0	 0.0	 0.0	 0.0	 0.0	 0.0; % NG
	23	 336.0	 16.0	 177.0	 -177.0	 1.05	 100.0	 1	 353	 70.0	 0.0	 0.0	 0.0	 0.0	 0.0	 0.0	 0.0	 0.0	 0.0	 0.0	 0.0; % NG
];

%% generator cost data
%	2	startup	shutdown	n	c(n-1)	...	c0
