function mpc = demo_input
%DEMO_INPUT

%% MATPOWER Case Format : Version 2
mpc.version = '2';

%%-----  Power Flow Data  -----%%
%% system MVA base
mpc.baseMVA = 100;

%% bus data
%	bus_i	type	Pd	Qd	Gs	Bs	area	Vm	Va	baseKV	zone	Vmax	Vmin
mpc.bus = [
	1	1	0	0	0	0	1	1.05	-0.08	220	1	1.1	0.9;
	2	2	0.59	0.26	0	0	1	0.99	0.06	13.8	1	1.1	0.9;
	3	2	3.52	1.53	0	0	1	0.99	0.05	13.8	1	1.1	0.9;
	4	2	0	0	0	0	1	0.99	-0.04	13.8	1	1.1	0.9;
	5	1	0	0	0	0	1	0.98	0.03	66	1	1.1	0.9;
	6	1	0	0	0	0	1	0.98	0.03	66	1	1.1	0.9;
	7	1	0	0	0	0	1	1.06	-0.06	220	1	1.1	0.9;
	8	2	0	0	0	0	1	0.99	0	10.5	1	1.1	0.9;
	9	2	0	0	0	0	1	0.99	0	10.5	1	1.1	0.9;
	10	3	0	0	0	0	1	0.99	0	10.5	1	1.1	0.9;
	11	1	0	0	0	0	1	0.99	-0.07	132	1	1.1	0.9;
	12	1	0	0	0	0	1	1.06	-0.06	220	1	1.1	0.9;
	13	2	0	0	0	0	1	0.99	0.05	13.8	1	1.1	0.9;
	14	2	0	0	0	0	1	0.99	0.05	13.8	1	1.1	0.9;
	15	1	0	0	0	0	1	1.06	-0.06	220	1	1.1	0.9;
	16	2	0	0	0	0	1	0.99	0.06	11	1	1.1	0.9;
	17	1	0	0	0	0	1	1.05	-0.09	220	1	1.1	0.9;
	18	2	0	0	0	0	1	1.06	0	11	1	1.1	0.9;
	19	2	0	0	0	0	1	1.06	0	11	1	1.1	0.9;
	20	1	0	0	0	0	1	1.05	-0.09	220	1	1.1	0.9;
	21	1	0	0	0	0	1	1.04	-0.09	220	1	1.1	0.9;
	22	1	7.33	7.1	0	0	1	0.96	-0.01	66	1	1.1	0.9;
	23	1	2.84	1.89	0	0	1	0.97	0	66	1	1.1	0.9;
	24	1	5.61	4.73	0	0	1	0.96	-0.02	66	1	1.1	0.9;
	25	1	0	0	0	0	1	1.03	-0.12	220	1	1.1	0.9;
	26	1	0	0	0	0	1	1.03	-0.08	132	1	1.1	0.9;
	27	2	0	0	0	0	1	1.02	-0.02	10.5	1	1.1	0.9;
	28	2	0	0	0	0	1	1.02	-0.02	10.5	1	1.1	0.9;
	29	2	0	0	0	0	1	1.02	-0.03	10.5	1	1.1	0.9;
	30	1	0	0	0	0	1	1.01	-0.04	66	1	1.1	0.9;
	31	1	0	0	0	0	1	1.02	-0.02	66	1	1.1	0.9;
	32	2	0	0	0	0	1	1.03	0.04	6.6	1	1.1	0.9;
	33	2	0	0	0	0	1	1.03	0.04	6.6	1	1.1	0.9;
	34	1	0	0	0	0	1	1.02	-0.02	6.6	1	1.1	0.9;
	35	1	0	0	0	0	1	1.01	-0.04	66	1	1.1	0.9;
	36	2	0	0	0	0	1	1.02	0.01	6.6	1	1.1	0.9;
	37	1	2.83	1.23	0	0	1	0.99	-0.08	11	1	1.1	0.9;
	38	1	5.85	3.53	0	0	1	1.01	-0.04	66	1	1.1	0.9;
	39	1	0	0	0	0	1	1.02	-0.13	220	1	1.1	0.9;
	40	1	0	0	0	0	1	1.02	-0.11	132	1	1.1	0.9;
	41	1	0	0	0	0	1	1.02	-0.13	220	1	1.1	0.9;
	42	2	0	0	0	0	1	1.05	-0.03	11	1	1.1	0.9;
	43	2	0	0	0	0	1	1.05	-0.03	11	1	1.1	0.9;
	44	1	8.26	5.12	0	0	1	0.97	-0.04	66	1	1.1	0.9;
	45	1	4.01	2.73	0	0	1	0.92	-0.07	33	1	1.1	0.9;
	46	1	0	0	0	0	1	1.03	-0.11	220	1	1.1	0.9;
	47	1	0	0	0	0	1	1.02	-0.11	132	1	1.1	0.9;
	48	1	0	0	0	0	1	1.02	-0.13	220	1	1.1	0.9;
	49	1	7.55	2.5	0	0	1	1.03	-0.12	132	1	1.1	0.9;
	50	2	0	0	0	0	1	1.05	-0.07	11	1	1.1	0.9;
	51	2	0	0	0	0	1	1.05	-0.07	11	1	1.1	0.9;
	52	2	0	0	0	0	1	1.05	-0.07	11	1	1.1	0.9;
	53	2	0	0	0	0	1	1.05	-0.07	11	1	1.1	0.9;
	54	1	6.23	2.05	0	0	1	1.01	-0.04	66	1	1.1	0.9;
	55	1	0	0	0	0	1	1.03	-0.12	132	1	1.1	0.9;
	56	1	0	0	0	0	1	1.03	-0.13	132	1	1.1	0.9;
	57	1	0	0	0	0	1	1.02	-0.14	220	1	1.1	0.9;
	58	1	0	0	0	0.3	1	1.02	-0.13	132	1	1.1	0.9;
	59	1	0	0	0	0	1	1.02	-0.13	132	1	1.1	0.9;
	60	1	200.86	68.47	0	0	1	0.98	-0.27	21	1	1.1	0.9;
	61	1	0	0	0	0	1	1.01	-0.15	220	1	1.1	0.9;
	62	1	0	0	0	0	1	1.01	-0.15	220	1	1.1	0.9;
	63	1	110.14	36.81	0	0	1	1	-0.23	33	1	1.1	0.9;
	64	1	0	0	0	0	1	1.02	-0.14	220	1	1.1	0.9;
	65	1	50	12	0	0	1	1.03	-0.14	33	1	1.1	0.9;
	66	1	0	0	0	0	1	1.02	-0.14	220	1	1.1	0.9;
	67	1	80	20	0	0	1	1.03	-0.14	33	1	1.1	0.9;
	68	1	56	14	0	0	1	1.03	-0.14	33	1	1.1	0.9;
	69	1	0	0	0	0	1	1.02	-0.13	132	1	1.1	0.9;
	70	1	34.04	20.9	0	0	1	1	-0.17	33	1	1.1	0.9;
	71	1	0	0	0	0.08	1	1.02	-0.14	220	1	1.1	0.9;
	72	1	0	0	0	0.43	1	1.03	-0.12	132	1	1.1	0.9;
	73	1	0	0	0	0	1	1.03	-0.12	132	1	1.1	0.9;
	74	1	17.33	9.28	0	0	1	1	-0.2	11	1	1.1	0.9;
	75	1	0	0	0	0	1	1.02	-0.13	220	1	1.1	0.9;
	76	1	0	0	0	0.75	1	1.01	-0.22	220	1	1.1	0.9;
	77	1	0.55	0.24	0	0	1	0.99	-0.21	132	1	1.1	0.9;
	78	1	7.76	3.38	0	0	1	1.01	-0.24	66	1	1.1	0.9;
	79	1	0	0	0	0	1	1.01	-0.24	11	1	1.1	0.9;
	80	1	125.01	31.3	0	0	1	1	-0.22	220	1	1.1	0.9;
	81	1	379	92.49	0	0	1	1	-0.23	220	1	1.1	0.9;
	82	1	0	0	0	0	1	1.02	-0.14	132	1	1.1	0.9;
	83	1	25.98	18.84	0	0	1	1.06	-0.15	11	1	1.1	0.9;
	84	1	0	0	0	0	1	1.02	-0.14	132	1	1.1	0.9;
	85	1	15.83	10.92	0	0	1	0.99	-0.17	11	1	1.1	0.9;
	86	1	0	0	0	0	1	1.02	-0.14	132	1	1.1	0.9;
	87	1	8.34	8.96	0	0	1	1	-0.14	11	1	1.1	0.9;
	88	1	0	0	0	0	1	1.03	-0.12	132	1	1.1	0.9;
	89	1	15.47	8.04	0	0	1	0.98	-0.16	11	1	1.1	0.9;
	90	1	0	0	0	0	1	1.03	-0.12	132	1	1.1	0.9;
	91	1	8.26	4.25	0	0	1	1.02	-0.14	11	1	1.1	0.9;
	92	1	0	0	0	0	1	1.03	-0.12	132	1	1.1	0.9;
	93	1	15.11	10	0	0	1	1.03	0.02	132	1	1.1	0.9;
	94	1	0	0	0	0	1	1.03	0.06	132	1	1.1	0.9;
	95	1	0	0	0	0	1	1.03	0.06	11	1	1.1	0.9;
	96	1	0	0	0	0	1	1.03	0.05	132	1	1.1	0.9;
	97	1	0	0	0	0	1	1.03	0.09	132	1	1.1	0.9;
	98	2	0	0	0	0	1	1.03	0.17	11	1	1.1	0.9;
	99	2	0	0	0	0	1	1.03	0.17	11	1	1.1	0.9;
	100	1	0	0	0	0	1	1.03	0.09	11	1	1.1	0.9;
	101	1	0	0	0	0	1	1.03	0.09	11	1	1.1	0.9;
	102	2	3.78	1.25	0	0	1	1.05	0.17	11	1	1.1	0.9;
	103	1	0	0	0	0	1	0.98	-0.2	132	1	1.1	0.9;
	104	2	22.13	4.05	0	0	1	1	-0.29	66	1	1.1	0.9;
	105	1	5.35	2.33	0	0	1	0.98	-0.32	19	1	1.1	0.9;
	106	1	0	0	0	0	1	0.98	-0.32	0.41	1	1.1	0.9;
	107	1	0	0	0	0	1	1	-0.29	11	1	1.1	0.9;
	108	1	0	0	0	0	1	0.98	-0.32	11	1	1.1	0.9;
	109	1	0	0	0	0	1	0.99	-0.15	132	1	1.1	0.9;
	110	1	1.8	0.2	0	0	1	0.99	-0.16	19	1	1.1	0.9;
	111	1	0	0	0	0	1	0.99	-0.16	0.41	1	1.1	0.9;
	112	1	0	0	0	0	1	0.99	-0.16	11	1	1.1	0.9;
	113	1	0	0	0	0	1	0.99	-0.17	132	1	1.1	0.9;
	114	1	3	-1	0	0	1	1.07	-0.2	33	1	1.1	0.9;
	115	1	0	0	0	0	1	0.98	-0.21	132	1	1.1	0.9;
	116	1	20	2.11	0	0	1	0.99	-0.28	66	1	1.1	0.9;
	117	2	4	1.05	0	0	1	1.03	-0.24	6.3	1	1.1	0.9;
	118	1	0	0	0	0	1	1.01	-0.26	33	1	1.1	0.9;
	119	1	0	0	0	0	1	0.99	-0.13	132	1	1.1	0.9;
	120	1	2.57	1.12	0	0	1	1	-0.15	19	1	1.1	0.9;
	121	1	0	0	0	0	1	1	-0.15	0.41	1	1.1	0.9;
	122	1	0	0	0	0	1	1	-0.15	11	1	1.1	0.9;
	123	1	0	0	0	0	1	1.01	-0.01	132	1	1.1	0.9;
	124	1	5	0.92	0	0	1	1.03	-0.07	33	1	1.1	0.9;
	125	1	0	0	0	0	1	1.02	0.04	132	1	1.1	0.9;
	126	2	0	0	0	0	1	1.02	0.1	11	1	1.1	0.9;
	127	2	0	0	0	0	1	1.02	0.1	11	1	1.1	0.9;
	128	1	0	0	0	0	1	1.02	0.1	11	1	1.1	0.9;
	129	1	0	0	0	0	1	1.02	0.1	11	1	1.1	0.9;
	130	1	0	0	0	0	1	1.02	0.04	132	1	1.1	0.9;
	131	1	9	1.47	0	0	1	1.04	-0.03	66	1	1.1	0.9;
	132	1	0	0	0	0	1	1.02	0.05	132	1	1.1	0.9;
	133	1	13	1	0	0	1	1.03	0.04	66	1	1.1	0.9;
	134	1	4.08	1.78	0	0	1	1	0	11	1	1.1	0.9;
	135	1	0	0	0	0	1	1	0	0.41	1	1.1	0.9;
	136	1	0	0	0	0	1	1	0	11	1	1.1	0.9;
	137	1	0	0	0	0	1	1.02	0.08	132	1	1.1	0.9;
	138	2	0	0	0	0	1	1	0.19	11	1	1.1	0.9;
	139	2	2.27	0.99	0	0	1	1	0.19	11	1	1.1	0.9;
	140	1	0	0	0	0	1	1	0.19	0.41	1	1.1	0.9;
	141	1	0	0	0	0	1	1.02	0.25	11	1	1.1	0.9;
	142	2	0	0	0	0	1	1.02	0.25	11	1	1.1	0.9;
	143	1	8.08	0.5	0	0	1	1.06	0.11	66	1	1.1	0.9;
	144	2	0	0	0	0	1	1.06	0.18	11	1	1.1	0.9;
	145	1	0	0	0	0	1	1.03	0.11	33	1	1.1	0.9;
	146	1	0	0	0	0	1	1.06	0.11	6.6	1	1.1	0.9;
	147	1	0	0	0	0	1	1.06	0.11	11	1	1.1	0.9;
	148	1	0	0	0	0	1	1.06	0.14	0.38	1	1.1	0.9;
	149	1	0	0	0	0	1	1.06	0.11	0.22	1	1.1	0.9;
	150	1	0	0	0	0	1	1.06	0.11	0.38	1	1.1	0.9;
	151	1	0	0	0	0	1	1.06	0.11	0.22	1	1.1	0.9;
	152	1	0	0	0	0	1	1.06	0.11	6.6	1	1.1	0.9;
	153	1	0	0	0	0	1	1.06	0.11	6.6	1	1.1	0.9;
	154	1	0	0	0	0	1	1.06	0.11	0.22	1	1.1	0.9;
	155	1	0.01	0.01	0	0	1	1.03	-0.09	132	1	1.1	0.9;
	156	1	17.38	4.4	0	0	1	1.03	-0.15	66	1	1.1	0.9;
	157	1	0	0	0	0	1	1.03	-0.09	132	1	1.1	0.9;
	158	1	0	0	0	0	1	1.02	-0.09	132	1	1.1	0.9;
	159	1	10.14	2.7	0	0	1	1.03	-0.14	66	1	1.1	0.9;
	160	1	0	0	0	0	1	1.03	-0.14	11	1	1.1	0.9;
	161	1	0	0	0	0	1	1.03	-0.09	132	1	1.1	0.9;
	162	1	2.87	0.4	0	0	1	1	-0.12	11	1	1.1	0.9;
	163	1	0	0	0	0	1	1.01	-0.11	33	1	1.1	0.9;
	164	1	0	0	0	0	1	1	-0.12	0.41	1	1.1	0.9;
	165	1	0	0	0	0	1	1.01	-0.11	11	1	1.1	0.9;
	166	1	0	0	0	0	1	1.02	-0.1	132	1	1.1	0.9;
	167	1	7.26	0.4	0	0	1	1	-0.13	11	1	1.1	0.9;
	168	1	0	0	0	0	1	1	-0.13	0.41	1	1.1	0.9;
	169	1	0	0	0	0	1	1	-0.13	11	1	1.1	0.9;
	170	1	0	0	0	0	1	1.04	-0.11	132	1	1.1	0.9;
	171	1	0	0	0	0	1	1	-0.13	19	1	1.1	0.9;
	172	1	0	0	0	0	1	1.01	-0.09	132	1	1.1	0.9;
	173	1	1.73	0.2	0	0	1	1.01	-0.1	19	1	1.1	0.9;
	174	1	0	0	0	0	1	1.01	-0.1	0.41	1	1.1	0.9;
	175	1	0	0	0	0	1	1.01	-0.1	11	1	1.1	0.9;
	176	1	0	0	0	0	1	1.03	-0.07	132	1	1.1	0.9;
	177	1	0	0	0	0	1	1	-0.07	220	1	1.1	0.9;
	178	1	5.2	3	0	0	1	0.98	-0.1	11	1	1.1	0.9;
	179	1	0	0	0	0	1	1	-0.08	69	1	1.1	0.9;
	180	1	0	0	0	0	1	1	-0.08	69	1	1.1	0.9;
	181	1	0	0	0	0	1	1	-0.08	69	1	1.1	0.9;
