%%%%%%%%%%%%%%%%%%%%%%%%%%%%%%%%%%%%%%%%%%%%%%%%%%%%%%%%%%%%%%%%%%%%%%%%%%%
%%%%                                                                  %%%%%
%%%%      NICTA Energy System Test Case Archive (NESTA) - v0.1.5      %%%%%
%%%%              Optimal Power Flow - Typical Operation              %%%%%
%%%%                       30 - October - 2014                        %%%%%
%%%%                                                                  %%%%%
%%%%%%%%%%%%%%%%%%%%%%%%%%%%%%%%%%%%%%%%%%%%%%%%%%%%%%%%%%%%%%%%%%%%%%%%%%%
%
%   Iceland network
%   Data stats: 189 nodes, 35 generators and 206 branches
%
%   Acknowledgement:
%      Paddy McNab, Durham University (Data received on 21 Jan, 2011)
%      Original file was in PSAT format. It was converted into Matpower format.
%      Please cite University of Edinburgh if you are using this data for your research.
%
%   W. A. Bukhsh, March 2013
%   send your questions and comments to : wbukhsh@gmail.com
%
function mpc = nesta_case189_edin
mpc.version = '2';
mpc.baseMVA = 100.0;

%% area data
%	area	refbus
mpc.areas = [
	1	 1;
];

%% bus data
%	bus_i	type	Pd	Qd	Gs	Bs	area	Vm	Va	baseKV	zone	Vmax	Vmin
mpc.bus = [
	1	 1	 0.0	 0.0	 0.0	 0.0	 1	     1.0500	    -0.0800	 220.0	 1	     1.1000	     0.9000;
	2	 1	 0.59	 0.26	 0.0	 0.0	 1	     0.9900	     0.0600	 13.8	 1	     1.1000	     0.9000;
	3	 1	 3.52	 1.53	 0.0	 0.0	 1	     0.9900	     0.0500	 13.8	 1	     1.1000	     0.9000;
	4	 2	 0.0	 0.0	 0.0	 0.0	 1	     0.9900	    -0.0400	 13.8	 1	     1.1000	     0.9000;
	5	 1	 0.0	 0.0	 0.0	 0.0	 1	     0.9800	     0.0300	 66.0	 1	     1.1000	     0.9000;
	6	 1	 0.0	 0.0	 0.0	 0.0	 1	     0.9800	     0.0300	 66.0	 1	     1.1000	     0.9000;
	7	 1	 0.0	 0.0	 0.0	 0.0	 1	     1.0600	    -0.0600	 220.0	 1	     1.1000	     0.9000;
	8	 1	 0.0	 0.0	 0.0	 0.0	 1	     0.9900	     0.0000	 10.5	 1	     1.1000	     0.9000;
	9	 1	 0.0	 0.0	 0.0	 0.0	 1	     0.9900	     0.0000	 10.5	 1	     1.1000	     0.9000;
	10	 1	 0.0	 0.0	 0.0	 0.0	 1	     0.9900	     0.0000	 10.5	 1	     1.1000	     0.9000;
	11	 1	 0.0	 0.0	 0.0	 0.0	 1	     0.9900	    -0.0700	 132.0	 1	     1.1000	     0.9000;
	12	 1	 0.0	 0.0	 0.0	 0.0	 1	     1.0600	    -0.0600	 220.0	 1	     1.1000	     0.9000;
	13	 1	 0.0	 0.0	 0.0	 0.0	 1	     0.9900	     0.0500	 13.8	 1	     1.1000	     0.9000;
	14	 1	 0.0	 0.0	 0.0	 0.0	 1	     0.9900	     0.0500	 13.8	 1	     1.1000	     0.9000;
	15	 1	 0.0	 0.0	 0.0	 0.0	 1	     1.0600	    -0.0600	 220.0	 1	     1.1000	     0.9000;
	16	 1	 0.0	 0.0	 0.0	 0.0	 1	     0.9900	     0.0600	 11.0	 1	     1.1000	     0.9000;
	17	 1	 0.0	 0.0	 0.0	 0.0	 1	     1.0500	    -0.0900	 220.0	 1	     1.1000	     0.9000;
	18	 2	 0.0	 0.0	 0.0	 0.0	 1	     1.0600	     0.0000	 11.0	 1	     1.1000	     0.9000;
	19	 1	 0.0	 0.0	 0.0	 0.0	 1	     1.0600	     0.0000	 11.0	 1	     1.1000	     0.9000;
	20	 1	 0.0	 0.0	 0.0	 0.0	 1	     1.0500	    -0.0900	 220.0	 1	     1.1000	     0.9000;
	21	 1	 0.0	 0.0	 0.0	 0.0	 1	     1.0400	    -0.0900	 220.0	 1	     1.1000	     0.9000;
	22	 1	 7.33	 7.1	 0.0	 0.0	 1	     0.9600	    -0.0100	 66.0	 1	     1.1000	     0.9000;
	23	 1	 2.84	 1.89	 0.0	 0.0	 1	     0.9700	     0.0000	 66.0	 1	     1.1000	     0.9000;
	24	 1	 5.61	 4.73	 0.0	 0.0	 1	     0.9600	    -0.0200	 66.0	 1	     1.1000	     0.9000;
	25	 1	 0.0	 0.0	 0.0	 0.0	 1	     1.0300	    -0.1200	 220.0	 1	     1.1000	     0.9000;
	26	 1	 0.0	 0.0	 0.0	 0.0	 1	     1.0300	    -0.0800	 132.0	 1	     1.1000	     0.9000;
	27	 1	 0.0	 0.0	 0.0	 0.0	 1	     1.0200	    -0.0200	 10.5	 1	     1.1000	     0.9000;
	28	 1	 0.0	 0.0	 0.0	 0.0	 1	     1.0200	    -0.0200	 10.5	 1	     1.1000	     0.9000;
	29	 1	 0.0	 0.0	 0.0	 0.0	 1	     1.0200	    -0.0300	 10.5	 1	     1.1000	     0.9000;
	30	 1	 0.0	 0.0	 0.0	 0.0	 1	     1.0100	    -0.0400	 66.0	 1	     1.1000	     0.9000;
	31	 1	 0.0	 0.0	 0.0	 0.0	 1	     1.0200	    -0.0200	 66.0	 1	     1.1000	     0.9000;
	32	 2	 0.0	 0.0	 0.0	 0.0	 1	     1.0300	     0.0400	 6.6	 1	     1.1000	     0.9000;
	33	 2	 0.0	 0.0	 0.0	 0.0	 1	     1.0300	     0.0400	 6.6	 1	     1.1000	     0.9000;
	34	 1	 0.0	 0.0	 0.0	 0.0	 1	     1.0200	    -0.0200	 6.6	 1	     1.1000	     0.9000;
	35	 1	 0.0	 0.0	 0.0	 0.0	 1	     1.0100	    -0.0400	 66.0	 1	     1.1000	     0.9000;
	36	 2	 0.0	 0.0	 0.0	 0.0	 1	     1.0200	     0.0100	 6.6	 1	     1.1000	     0.9000;
	37	 1	 2.83	 1.23	 0.0	 0.0	 1	     0.9900	    -0.0800	 11.0	 1	     1.1000	     0.9000;
	38	 1	 5.85	 3.53	 0.0	 0.0	 1	     1.0100	    -0.0400	 66.0	 1	     1.1000	     0.9000;
	39	 1	 0.0	 0.0	 0.0	 0.0	 1	     1.0200	    -0.1300	 220.0	 1	     1.1000	     0.9000;
	40	 1	 0.0	 0.0	 0.0	 0.0	 1	     1.0200	    -0.1100	 132.0	 1	     1.1000	     0.9000;
	41	 1	 0.0	 0.0	 0.0	 0.0	 1	     1.0200	    -0.1300	 220.0	 1	     1.1000	     0.9000;
	42	 2	 0.0	 0.0	 0.0	 0.0	 1	     1.0500	    -0.0300	 11.0	 1	     1.1000	     0.9000;
	43	 2	 0.0	 0.0	 0.0	 0.0	 1	     1.0500	    -0.0300	 11.0	 1	     1.1000	     0.9000;
	44	 1	 8.26	 5.12	 0.0	 0.0	 1	     0.9700	    -0.0400	 66.0	 1	     1.1000	     0.9000;
	45	 1	 4.01	 2.73	 0.0	 0.0	 1	     0.9200	    -0.0700	 33.0	 1	     1.1000	     0.9000;
	46	 1	 0.0	 0.0	 0.0	 0.0	 1	     1.0300	    -0.1100	 220.0	 1	     1.1000	     0.9000;
	47	 1	 0.0	 0.0	 0.0	 0.0	 1	     1.0200	    -0.1100	 132.0	 1	     1.1000	     0.9000;
	48	 1	 0.0	 0.0	 0.0	 0.0	 1	     1.0200	    -0.1300	 220.0	 1	     1.1000	     0.9000;
	49	 1	 7.55	 2.5	 0.0	 0.0	 1	     1.0300	    -0.1200	 132.0	 1	     1.1000	     0.9000;
	50	 2	 0.0	 0.0	 0.0	 0.0	 1	     1.0500	    -0.0700	 11.0	 1	     1.1000	     0.9000;
	51	 2	 0.0	 0.0	 0.0	 0.0	 1	     1.0500	    -0.0700	 11.0	 1	     1.1000	     0.9000;
	52	 2	 0.0	 0.0	 0.0	 0.0	 1	     1.0500	    -0.0700	 11.0	 1	     1.1000	     0.9000;
	53	 2	 0.0	 0.0	 0.0	 0.0	 1	     1.0500	    -0.0700	 11.0	 1	     1.1000	     0.9000;
	54	 1	 6.23	 2.05	 0.0	 0.0	 1	     1.0100	    -0.0400	 66.0	 1	     1.1000	     0.9000;
	55	 1	 0.0	 0.0	 0.0	 0.0	 1	     1.0300	    -0.1200	 132.0	 1	     1.1000	     0.9000;
	56	 1	 0.0	 0.0	 0.0	 0.0	 1	     1.0300	    -0.1300	 132.0	 1	     1.1000	     0.9000;
	57	 1	 0.0	 0.0	 0.0	 0.0	 1	     1.0200	    -0.1400	 220.0	 1	     1.1000	     0.9000;
	58	 1	 0.0	 0.0	 0.0	 0.3	 1	     1.0200	    -0.1300	 132.0	 1	     1.1000	     0.9000;
	59	 1	 0.0	 0.0	 0.0	 0.0	 1	     1.0200	    -0.1300	 132.0	 1	     1.1000	     0.9000;
	60	 1	 200.86	 68.47	 0.0	 0.0	 1	     0.9800	    -0.2700	 21.0	 1	     1.1000	     0.9000;
	61	 1	 0.0	 0.0	 0.0	 0.0	 1	     1.0100	    -0.1500	 220.0	 1	     1.1000	     0.9000;
	62	 1	 0.0	 0.0	 0.0	 0.0	 1	     1.0100	    -0.1500	 220.0	 1	     1.1000	     0.9000;
	63	 1	 110.14	 36.81	 0.0	 0.0	 1	     1.0000	    -0.2300	 33.0	 1	     1.1000	     0.9000;
	64	 1	 0.0	 0.0	 0.0	 0.0	 1	     1.0200	    -0.1400	 220.0	 1	     1.1000	     0.9000;
	65	 1	 50.0	 12.0	 0.0	 0.0	 1	     1.0300	    -0.1400	 33.0	 1	     1.1000	     0.9000;
	66	 1	 0.0	 0.0	 0.0	 0.0	 1	     1.0200	    -0.1400	 220.0	 1	     1.1000	     0.9000;
	67	 1	 80.0	 20.0	 0.0	 0.0	 1	     1.0300	    -0.1400	 33.0	 1	     1.1000	     0.9000;
	68	 1	 56.0	 14.0	 0.0	 0.0	 1	     1.0300	    -0.1400	 33.0	 1	     1.1000	     0.9000;
	69	 1	 0.0	 0.0	 0.0	 0.0	 1	     1.0200	    -0.1300	 132.0	 1	     1.1000	     0.9000;
	70	 1	 34.04	 20.9	 0.0	 0.0	 1	     1.0000	    -0.1700	 33.0	 1	     1.1000	     0.9000;
	71	 1	 0.0	 0.0	 0.0	 0.08	 1	     1.0200	    -0.1400	 220.0	 1	     1.1000	     0.9000;
	72	 1	 0.0	 0.0	 0.0	 0.43	 1	     1.0300	    -0.1200	 132.0	 1	     1.1000	     0.9000;
	73	 1	 0.0	 0.0	 0.0	 0.0	 1	     1.0300	    -0.1200	 132.0	 1	     1.1000	     0.9000;
	74	 1	 17.33	 9.28	 0.0	 0.0	 1	     1.0000	    -0.2000	 11.0	 1	     1.1000	     0.9000;
	75	 1	 0.0	 0.0	 0.0	 0.0	 1	     1.0200	    -0.1300	 220.0	 1	     1.1000	     0.9000;
	76	 1	 0.0	 0.0	 0.0	 0.75	 1	     1.0100	    -0.2200	 220.0	 1	     1.1000	     0.9000;
