% Bus Data
%	ID	TYPE	P	Q	M	theta	gs	bs	IcR	IcI
busdata = [ ...
	1   	1   	0.0240	0.0120	1.0000	0.0000	0.0000	0.0000	0.0000	0.0000
	2   	3   	-0.2354	0.0000	1.0000	0.0000	0.0000	0.0000	0.0000	0.0000
];

% Branch Data
%	FROM	TO	g	b
branchdata = [ ...
	1   	2   	5.0000	-15.0000
];
