% Bus Data
%	ID	TYPE	P	Q	M	theta	gs	bs
busdata = [ ...
	1   	1   	0.1000	0.0000	NA	NA	0.0000	0.0000
	2   	0   	NA	NA	1.0500	0.0000	0.0000	0.0000
];

% Branch Data
%	FROM	TO	g	b
branchdata = [ ...
	1   	2   	2.0000	-4.0000
];
