% Bus Data
%	ID	TYPE	P	Q	M	theta	gs	bs
busdata = [ ...
	1   	2   	0.1000	NA	1.0200	NA	0.0000	0.0000   0.0000   0.0000
	2   	3   	NA	NA	1.0500	0.0000	0.0000	0.0000   0.0000   0.0000
];

% Branch Data
%	FROM	TO	g	b
branchdata = [ ...
	1   	2   	10.0000	-1.0000
];
