% Bus Data
%	ID	TYPE	P	Q	M	theta	gs	bs	IcR	IcI
busdata = [ ...
	4   	1   	-0.7000	-0.7000	NaN	NaN	0.0000	0.0000	0.0000	0.0000
	5   	1   	-0.7000	-0.7000	NaN	NaN	0.0000	0.0000	0.0000	0.0000
	6   	1   	-0.7000	-0.7000	NaN	NaN	0.0000	0.0000	0.0000	0.0000
	2   	1   	0.5000	-0.0300	NaN	NaN	0.0000	0.0000	0.0000	0.0000
	3   	1   	0.6000	-0.0300	NaN	NaN	0.0000	0.0000	0.0000	0.0000
	1   	3   	NaN	NaN	1.0500	0.0000	0.0000	0.0000	0.0000	0.0000
];

% Branch Data
%	FROM	TO	g	b
branchdata = [ ...
	1   	2   	2.0000	-4.0000
	1   	4   	1.1765	-4.7059
	1   	5   	0.8299	-3.1120
	2   	3   	0.7692	-3.8462
	2   	4   	4.0000	-8.0000
	2   	5   	1.0000	-3.0000
	2   	6   	1.5590	-4.4543
	3   	5   	1.4634	-3.1707
	3   	6   	1.9231	-9.6154
	4   	5   	1.0000	-2.0000
	5   	6   	1.0000	-3.0000
];
