% Bus Data
%	ID	TYPE	P	Q	M	theta	gs	bs
busdata = [ ...
	1   	1   	0.0000	0.0180	NaN	NaN	0.0000	0.0000
	2  	2   	0.0000	NaN	1.0900	NaN	0.0000	0.0000
	3  	0   	NaN	NaN	1.0000	0.0000	0.0000	0.0000
];

% Branch Data
%	FROM	TO	g	b
branchdata = [ ...
	1   	2  	1.9550	-4.0941
	2   	3  	3.0989	-6.1028
	3  	4  	1.1370	-2.3150
];
