function mpc = anu
%ANUNETWORKACTEWA

%% MATPOWER Case Format : Version 2
mpc.version = '2';

%%-----  Power Flow Data  -----%%
%% system MVA base
mpc.baseMVA = 100;

%% bus data
%	bus_i	type	Pd	Qd	Gs	Bs	area	Vm	Va	baseKV	zone	Vmax	Vmin
mpc.bus = [
	1	1	0.0666668	0.0555566667	0	0	8	0.973166074	29.3251027	0.415	2	1.1	0.9;
	2	1	0.0666668	0.0555566667	0	0	8	0.973166074	29.3251027	0.415	2	1.1	0.9;
	3	1	0.1	0.0833333333	0	0	8	0.964804065	28.9802255	0.415	2	1.1	0.9;
	4	1	0.1	0.0833333333	0	0	8	0.964804065	28.9802255	0.415	2	1.1	0.9;
	5	1	0	0	0	0	8	0.968114107	28.9980341	0.415	2	1.1	0.9;
	6	1	0	0	0	0	8	0.968114107	28.9980341	0.415	2	1.1	0.9;
	7	1	0.1333332	0.11111	0	0	8	0.958770523	29.0143266	0.415	2	1.1	0.9;
	8	1	0	0	0	0	8	0.963211685	29.0383436	0.415	2	1.1	0.9;
	9	1	0	0	0	0	8	0.963211685	29.0383436	0.415	2	1.1	0.9;
	10	1	0.1	0.0833333333	0	0	8	0.958210015	28.9473497	0.415	2	1.1	0.9;
	11	1	0	0	0	0	8	0.961542836	28.9654035	0.415	2	1.1	0.9;
	12	1	0.1	0.0833333333	0	0	8	0.954044215	29.0179399	0.415	2	1.1	0.9;
	13	1	0.1	0.0833333333	0	0	8	0.954044215	29.0179399	0.415	2	1.1	0.9;
	14	1	0	0	0	0	8	0.957391589	29.0361511	0.415	2	1.1	0.9;
	15	1	0	0	0	0	8	0.957391589	29.0361511	0.415	2	1.1	0.9;
	16	1	0.1333332	0.11111	0	0	8	0.958100922	28.9252604	0.415	2	1.1	0.9;
	17	1	0	0	0	0	8	0.962545188	28.9493107	0.415	2	1.1	0.9;
	18	1	0.1333332	0.11111	0	0	8	0.958102857	28.9253935	0.415	2	1.1	0.9;
	19	1	0	0	0	0	8	0.962547114	28.9494438	0.415	2	1.1	0.9;
	20	1	0.0666668	0.0555566667	0	0	8	0.970019073	28.8677038	0.415	2	1.1	0.9;
	21	1	0.0666668	0.0555566667	0	0	8	0.970001686	28.8687079	0.415	2	1.1	0.9;
	22	1	0.1	0.0833333333	0	0	8	0.96259474	28.9294103	0.415	2	1.1	0.9;
	23	1	0	0	0	0	8	0.96591238	28.9473005	0.415	2	1.1	0.9;
	24	1	0.1	0.0833333333	0	0	8	0.962595184	28.9294408	0.415	2	1.1	0.9;
	25	1	0	0	0	0	8	0.965912822	28.947331	0.415	2	1.1	0.9;
	26	1	0.1	0.0833333333	0	0	8	0.96422469	28.9176744	0.415	2	1.1	0.9;
	27	1	0	0	0	0	8	0.967536721	28.9355044	0.415	2	1.1	0.9;
	28	1	0.0666668	0.0555566667	0	0	8	0.961056137	28.9067046	0.415	2	1.1	0.9;
	29	1	0.1	0.0833333333	0	0	8	0.965318868	28.9158936	0.415	2	1.1	0.9;
	30	1	0	0	0	0	8	0.968627145	28.9336833	0.415	2	1.1	0.9;
	31	1	0.1333332	0.11111	0	0	8	0.954096008	28.9907075	0.415	2	1.1	0.9;
	32	1	0	0	0	0	8	0.95855893	29.0149593	0.415	2	1.1	0.9;
	33	1	0.1333332	0.11111	0	0	8	0.954095705	28.9906868	0.415	2	1.1	0.9;
	34	1	0	0	0	0	8	0.958558628	29.0149386	0.415	2	1.1	0.9;
	35	1	0.1	0.0833333333	0	0	8	0.950053527	29.0438007	0.415	2	1.1	0.9;
	36	1	0	0	0	0	8	0.953414963	29.0621647	0.415	2	1.1	0.9;
	37	1	0.1	0.0833333333	0	0	8	0.967328646	28.9242427	0.415	2	1.1	0.9;
	38	1	0	0	0	0	8	0.970630049	28.9419588	0.415	2	1.1	0.9;
	39	1	0.1	0.0833333333	0	0	8	0.967326583	28.9241012	0.415	2	1.1	0.9;
	40	1	0	0	0	0	8	0.970627993	28.9418174	0.415	2	1.1	0.9;
	41	1	0.0666668	0.0555566667	0	0	8	0.974924492	28.8753598	0.415	2	1.1	0.9;
	42	1	0.0333333333	0.0277766667	0	0	8	0.964170337	29.1294697	0.415	2	1.1	0.9;
	43	1	0.0666668	0.0555566667	0	0	8	0.968847445	28.9409889	0.415	2	1.1	0.9;
	44	1	0.0333333333	0.0277766667	0	0	8	0.96439151	29.131324	0.415	2	1.1	0.9;
	45	1	0.0666668	0.0555566667	0	0	8	0.9713678	28.8695751	0.415	2	1.1	0.9;
	46	1	0.1333332	0.11111	0	0	8	0.948365272	29.0300522	0.415	2	1.1	0.9;
	47	1	0	0	0	0	8	0.952855164	29.0545966	0.415	2	1.1	0.9;
	48	1	0.1333332	0.11111	0	0	8	0.948366803	29.0301402	0.415	2	1.1	0.9;
	49	1	0	0	0	0	8	0.952856687	29.0546845	0.415	2	1.1	0.9;
	50	1	0	0	0	0	8	0.958943333	29.080428	0.415	2	1.1	0.9;
	51	1	0.1	0.0833333333	0	0	8	0.965411071	28.9158793	0.415	2	1.1	0.9;
	52	1	0	0	0	0	8	0.968719032	28.9336656	0.415	2	1.1	0.9;
	53	1	0.1	0.0833333333	0	0	8	0.962503373	28.9296922	0.415	2	1.1	0.9;
	54	1	0	0	0	0	8	0.965821327	28.9475858	0.415	2	1.1	0.9;
	55	1	0	0	0	0	8	0.969462519	28.9130276	0.415	2	1.1	0.9;
	56	1	0.0666668	0.0555566667	0	0	8	0.973567408	28.8928036	0.415	2	1.1	0.9;
	57	1	0.0666668	0.0555566667	0	0	8	0.973567408	28.8928036	0.415	2	1.1	0.9;
	58	1	0.0666668	0.0555566667	0	0	8	0.960276216	28.890254	0.415	2	1.1	0.9;
	59	1	0	0	0	0	8	0.962493328	28.902251	0.415	2	1.1	0.9;
	60	1	0.1	0.0833333333	0	0	8	0.957213302	28.9574814	0.415	2	1.1	0.9;
	61	1	0	0	0	0	8	0.960549594	28.9755726	0.415	2	1.1	0.9;
	62	1	0.1333332	0.11111	0	0	8	0.912145663	27.3712096	0.415	2	1.1	0.9;
	63	1	0	0	0	0	8	0.935488498	27.5011733	0.415	2	1.1	0.9;
	64	1	0.0666668	0.0555566667	0	0	8	0.970166442	28.8670445	0.415	2	1.1	0.9;
	65	1	0.0666668	0.0555566667	0	0	8	0.970166442	28.8670445	0.415	2	1.1	0.9;
	66	1	0.1	0.0833333333	0	0	8	0.956466099	28.9631029	0.415	2	1.1	0.9;
	67	1	0	0	0	0	8	0.959804997	28.9812223	0.415	2	1.1	0.9;
	68	1	0.1333332	0.11111	0	0	8	0.957574447	28.930306	0.415	2	1.1	0.9;
	69	1	0	0	0	0	8	0.962021157	28.9543827	0.415	2	1.1	0.9;
	70	1	0.1333332	0.11111	0	0	8	0.946978469	28.7922313	0.415	2	1.1	0.9;
	71	1	0	0	0	0	8	0.959520442	29.1417863	0.433	2	1.1	0.9;
	72	1	0	0	0	0	8	0.959505994	29.1416878	0.433	2	1.1	0.9;
	73	1	0.1333332	0.0833333333	0	0	8	0.97604626	28.9144631	0.415	2	1.1	0.9;
	74	1	0	0	0	0	8	0.97643294	28.9196991	0.415	2	1.1	0.9;
	75	1	0.1	0.0833333333	0	0	8	0.961550606	29.3405092	0.415	2	1.1	0.9;
	76	1	0	0	0	0	8	0.964871848	29.3584382	0.415	2	1.1	0.9;
	77	1	0.1333332	0.11111	0	0	8	0.959998674	29.0781437	11	2	1.1	0.9;
	78	1	0	0	0	0	8	0.960004988	29.078178	11	2	1.1	0.9;
	79	1	0.1333332	0.11111	0	0	8	0.953495945	29.0529407	0.433	2	1.1	0.9;
	80	1	0	0	0	0	8	0.953906154	29.0551808	0.433	2	1.1	0.9;
	81	1	0.0666668	0.0444433333	0	0	8	0.960852104	28.9899904	0.433	2	1.1	0.9;
	82	1	0	0	0	0	8	0.961037135	28.9921968	0.433	2	1.1	0.9;
	83	1	0.1333332	0.11111	0	0	8	0.955218248	29.0486714	0.415	2	1.1	0.9;
	84	1	0	0	0	0	8	0.959675927	29.0728665	0.415	2	1.1	0.9;
	85	1	0.1333332	0.11111	0	0	8	0.95525064	29.0488906	0.415	2	1.1	0.9;
	86	1	0	0	0	0	8	0.959708168	29.073084	0.415	2	1.1	0.9;
	87	1	0.1333332	0.11111	0	0	8	0.955662399	29.0515279	0.433	2	1.1	0.9;
	88	1	0	0	0	0	8	0.959755256	29.073741	0.433	2	1.1	0.9;
	89	1	0.1	0.0833333333	0	0	8	0.956577872	29.0063111	0.433	2	1.1	0.9;
	90	1	0	0	0	0	8	0.959644579	29.0229562	0.433	2	1.1	0.9;
	91	1	0.1333332	0.11111	0	0	8	0.949810501	29.0278514	0.433	2	1.1	0.9;
	92	1	0	0	0	0	8	0.953928576	29.0503379	0.433	2	1.1	0.9;
	93	1	0	0	0	0	8	0.978774679	0.0959579861	11	2	1.1	0.9;
	94	1	0	0	0	0	8	0.978251264	0.0913814301	11	2	1.1	0.9;
	95	1	0	0	0	0	9	0.999903592	-0.000191817328	11	2	1.1	0.9;
	96	1	0	0	0	0	9	0.999905635	-0.000259348395	11	2	1.1	0.9;
	97	1	0	0	0	0	9	0.999930387	-0.000486204081	11	2	1.1	0.9;
	98	1	0	0	0	0	9	0.999931809	-0.000545157003	11	2	1.1	0.9;
	99	3	0	0	0	0	9	1	0	11	2	1.1	0.9;
	100	1	0	0	0	0	8	0.978194749	0.0907866639	11	2	1.1	0.9;
	101	1	0	0	0	0	8	0.978540173	0.0935308882	11	2	1.1	0.9;
	102	1	0	0	0	0	8	0.978449178	0.0925896292	11	2	1.1	0.9;
	103	1	0	0	0	0	8	0.978411155	0.0921950578	11	2	1.1	0.9;
	104	1	0	0	0	0	8	0.97899113	0.0946617365	11	2	1.1	0.9;
	105	1	0	0	0	0	8	0.992218669	0.0279754098	11	2	1.1	0.9;
	106	1	0	0	0	0	8	0.992203272	0.0279707535	11	2	1.1	0.9;
	107	1	0	0	0	0	8	0.992168018	0.0279073849	11	2	1.1	0.9;
	108	1	0	0	0	0	9	0.992218057	0.0279349782	11	2	1.1	0.9;
	109	1	0	0	0	0	8	0.98716172	0.0328126723	11	2	1.1	0.9;
	110	1	0	0	0	0	8	0.984999568	0.0467501728	11	2	1.1	0.9;
	111	1	0	0	0	0	8	0.979836835	0.0866989935	11	2	1.1	0.9;
	112	1	0	0	0	0	8	0.978529761	0.202983299	11	2	1.1	0.9;
	113	1	0	0	0	0	8	0.978194802	0.0907845217	11	2	1.1	0.9;
	114	1	0	0	0	0	8	0.972570671	0.191347111	11	2	1.1	0.9;
	115	1	0	0	0	0	8	0.985627183	0.0400197849	11	2	1.1	0.9;
	116	1	0	0	0	0	8	0.987245366	0.0921250377	11	2	1.1	0.9;
	117	1	0	0	0	0	8	0.982710539	0.151247012	11	2	1.1	0.9;
	118	1	0	0	0	0	8	0.980808274	0.0742505747	11	2	1.1	0.9;
	119	1	0	0	0	0	8	0.976742778	0.154473556	11	2	1.1	0.9;
	120	1	0	0	0	0	8	0.982057933	0.0637315631	11	2	1.1	0.9;
	121	1	0	0	0	0	8	0.982059819	0.0638602352	11	2	1.1	0.9;
	122	1	0	0	0	0	8	0.987161019	0.0328689454	11	2	1.1	0.9;
	123	1	0	0	0	0	8	0.987164094	0.032884875	11	2	1.1	0.9;
	124	1	0	0	0	0	8	0.985088385	0.0463027427	11	2	1.1	0.9;
	125	1	0	0	0	0	8	0.985088818	0.0463322137	11	2	1.1	0.9;
