function mpc = anu_a
%ANU_A

%% MATPOWER Case Format : Version 2
mpc.version = '2';

%%-----  Power Flow Data  -----%%
%% system MVA base
mpc.baseMVA = 100;

%% bus data
%	bus_i	type	Pd	Qd	Gs	Bs	area	Vm	Va	baseKV	zone	Vmax	Vmin
mpc.bus = [
	1	1	0.0666668	0.0555566667	0	0	8	0.987745634	29.5206703	0.415	2	1.1	0.9;
	2	1	0.0666668	0.0555566667	0	0	8	0.987745634	29.5206703	0.415	2	1.1	0.9;
	3	1	0.1	0.0833333333	0	0	8	0.984737613	29.3935351	0.415	2	1.1	0.9;
	4	1	0.1	0.0833333333	0	0	8	0.984737613	29.3935351	0.415	2	1.1	0.9;
	5	1	0	0	0	0	8	0.986802163	29.4677119	0.415	2	1.1	0.9;
	6	1	0	0	0	0	8	0.986802163	29.4677119	0.415	2	1.1	0.9;
	7	1	0.1333332	0.11111	0	0	8	0.981571826	29.3188315	0.415	2	1.1	0.9;
	8	1	0	0	0	0	8	0.984333794	29.4183019	0.415	2	1.1	0.9;
	9	1	0	0	0	0	8	0.984333794	29.4183019	0.415	2	1.1	0.9;
	10	1	0.1	0.0833333333	0	0	8	0.980845694	29.2533256	0.415	2	1.1	0.9;
	11	1	0	0	0	0	8	0.982918442	29.328091	0.415	2	1.1	0.9;
	12	1	0.1	0.0833333333	0	0	8	0.978556695	29.2266612	0.415	2	1.1	0.9;
	13	1	0.1	0.0833333333	0	0	8	0.978556695	29.2266612	0.415	2	1.1	0.9;
	14	1	0	0	0	0	8	0.980634296	29.301776	0.415	2	1.1	0.9;
	15	1	0	0	0	0	8	0.980634296	29.301776	0.415	2	1.1	0.9;
	16	1	0.1333332	0.11111	0	0	8	0.980745828	29.2434265	0.415	2	1.1	0.9;
	17	1	0	0	0	0	8	0.983510124	29.3430641	0.415	2	1.1	0.9;
	18	1	0.1333332	0.11111	0	0	8	0.98074761	29.2435542	0.415	2	1.1	0.9;
	19	1	0	0	0	0	8	0.983511902	29.3431914	0.415	2	1.1	0.9;
	20	1	0.0666668	0.0555566667	0	0	8	0.98711798	29.3978761	0.415	2	1.1	0.9;
	21	1	0.0666668	0.0555566667	0	0	8	0.987113072	29.3982745	0.415	2	1.1	0.9;
	22	1	0.1	0.0833333333	0	0	8	0.983245604	29.3176457	0.415	2	1.1	0.9;
	23	1	0	0	0	0	8	0.985313288	29.3920473	0.415	2	1.1	0.9;
	24	1	0.1	0.0833333333	0	0	8	0.983246013	29.317675	0.415	2	1.1	0.9;
	25	1	0	0	0	0	8	0.985313698	29.3920766	0.415	2	1.1	0.9;
	26	1	0.1	0.0833333333	0	0	8	0.984107818	29.3382498	0.415	2	1.1	0.9;
	27	1	0	0	0	0	8	0.98617369	29.4125213	0.415	2	1.1	0.9;
	28	1	0.0666668	0.0555566667	0	0	8	0.982223861	29.2684056	0.415	2	1.1	0.9;
	29	1	0.1	0.0833333333	0	0	8	0.984718272	29.3554155	0.415	2	1.1	0.9;
	30	1	0	0	0	0	8	0.986782862	29.4295952	0.415	2	1.1	0.9;
	31	1	0.1333332	0.11111	0	0	8	0.978572485	29.2166827	0.415	2	1.1	0.9;
	32	1	0	0	0	0	8	0.981342927	29.3167621	0.415	2	1.1	0.9;
	33	1	0.1333332	0.11111	0	0	8	0.978572198	29.2166629	0.415	2	1.1	0.9;
	34	1	0	0	0	0	8	0.981342641	29.3167424	0.415	2	1.1	0.9;
	35	1	0.1	0.0833333333	0	0	8	0.9763092	29.1725799	0.415	2	1.1	0.9;
	36	1	0	0	0	0	8	0.978391588	29.2480402	0.415	2	1.1	0.9;
	37	1	0.1	0.0833333333	0	0	8	0.985892173	29.3978908	0.415	2	1.1	0.9;
	38	1	0	0	0	0	8	0.987954303	29.4718943	0.415	2	1.1	0.9;
	39	1	0.1	0.0833333333	0	0	8	0.985890265	29.3977545	0.415	2	1.1	0.9;
	40	1	0	0	0	0	8	0.987952399	29.4717583	0.415	2	1.1	0.9;
	41	1	0.0666668	0.0555566667	0	0	8	0.989921695	29.4910092	0.415	2	1.1	0.9;
	42	1	0.0333333333	0.0277766667	0	0	8	0.983154815	29.3355329	0.415	2	1.1	0.9;
	43	1	0.0666668	0.0555566667	0	0	8	0.986804552	29.4310108	0.415	2	1.1	0.9;
	44	1	0.0333333333	0.0277766667	0	0	8	0.983292276	29.3407862	0.415	2	1.1	0.9;
	45	1	0.0666668	0.0555566667	0	0	8	0.987886637	29.4241717	0.415	2	1.1	0.9;
	46	1	0.1333332	0.11111	0	0	8	0.975357901	29.1405342	0.415	2	1.1	0.9;
	47	1	0	0	0	0	8	0.978137484	29.2412725	0.415	2	1.1	0.9;
	48	1	0.1333332	0.11111	0	0	8	0.97535932	29.1406175	0.415	2	1.1	0.9;
	49	1	0	0	0	0	8	0.978138899	29.2413555	0.415	2	1.1	0.9;
	50	1	0	0	0	0	8	0.982125768	29.3725777	0.415	2	1.1	0.9;
	51	1	0.1	0.0833333333	0	0	8	0.984770154	29.3570552	0.415	2	1.1	0.9;
	52	1	0	0	0	0	8	0.986834635	29.4312271	0.415	2	1.1	0.9;
	53	1	0.1	0.0833333333	0	0	8	0.983196202	29.3162095	0.415	2	1.1	0.9;
	54	1	0	0	0	0	8	0.985263991	29.3906185	0.415	2	1.1	0.9;
	55	1	0	0	0	0	8	0.987473131	29.4586478	0.415	2	1.1	0.9;
	56	1	0.0666668	0.0555566667	0	0	8	0.989244386	29.4789958	0.415	2	1.1	0.9;
	57	1	0.0666668	0.0555566667	0	0	8	0.989244386	29.4789958	0.415	2	1.1	0.9;
	58	1	0.0666668	0.0555566667	0	0	8	0.981662739	29.2433099	0.415	2	1.1	0.9;
	59	1	0	0	0	0	8	0.983043255	29.2931055	0.415	2	1.1	0.9;
	60	1	0.1	0.0833333333	0	0	8	0.980338743	29.2426742	0.415	2	1.1	0.9;
	61	1	0	0	0	0	8	0.982412564	29.3175168	0.415	2	1.1	0.9;
	62	1	0.1333332	0.11111	0	0	8	0.960261694	28.3500063	0.415	2	1.1	0.9;
	63	1	0	0	0	0	8	0.974409563	28.8635803	0.415	2	1.1	0.9;
	64	1	0.0666668	0.0555566667	0	0	8	0.987196555	29.4000681	0.415	2	1.1	0.9;
	65	1	0.0666668	0.0555566667	0	0	8	0.987196555	29.4000681	0.415	2	1.1	0.9;
	66	1	0.1	0.0833333333	0	0	8	0.979945999	29.2333415	0.415	2	1.1	0.9;
	67	1	0	0	0	0	8	0.982020652	29.308244	0.415	2	1.1	0.9;
	68	1	0.1333332	0.11111	0	0	8	0.980476087	29.2376245	0.415	2	1.1	0.9;
	69	1	0	0	0	0	8	0.983241144	29.3373167	0.415	2	1.1	0.9;
	70	1	0.1333332	0.11111	0	0	8	0.973518956	28.9587696	0.415	2	1.1	0.9;
	71	1	0	0	0	0	8	0.982219007	29.3847601	0.433	2	1.1	0.9;
	72	1	0	0	0	0	8	0.982210437	29.3844329	0.433	2	1.1	0.9;
	73	1	0.1333332	0.0833333333	0	0	8	0.990016278	29.4816281	0.415	2	1.1	0.9;
	74	1	0	0	0	0	8	0.990241117	29.4923741	0.415	2	1.1	0.9;
	75	1	0.1	0.0833333333	0	0	8	0.982126508	29.3993951	0.415	2	1.1	0.9;
	76	1	0	0	0	0	8	0.984196551	29.473966	0.415	2	1.1	0.9;
	77	1	0.1333332	0.11111	0	0	8	0.98265604	29.38487	11	2	1.1	0.9;
	78	1	0	0	0	0	8	0.982659964	29.3850117	11	2	1.1	0.9;
	79	1	0.1333332	0.11111	0	0	8	0.978470465	29.2469961	0.433	2	1.1	0.9;
	80	1	0	0	0	0	8	0.978724856	29.2562148	0.433	2	1.1	0.9;
	81	1	0.0666668	0.0444433333	0	0	8	0.981249331	29.250863	0.433	2	1.1	0.9;
	82	1	0	0	0	0	8	0.981358044	29.2557996	0.433	2	1.1	0.9;
	83	1	0.1333332	0.11111	0	0	8	0.97973223	29.2804366	0.415	2	1.1	0.9;
	84	1	0	0	0	0	8	0.982499389	29.3802798	0.415	2	1.1	0.9;
	85	1	0.1333332	0.11111	0	0	8	0.979751622	29.2811623	0.415	2	1.1	0.9;
	86	1	0	0	0	0	8	0.982518726	29.3810017	0.415	2	1.1	0.9;
	87	1	0.1333332	0.11111	0	0	8	0.980003341	29.2902125	0.433	2	1.1	0.9;
	88	1	0	0	0	0	8	0.982544403	29.3818977	0.433	2	1.1	0.9;
	89	1	0.1	0.0833333333	0	0	8	0.979827846	29.2361694	0.433	2	1.1	0.9;
	90	1	0	0	0	0	8	0.981733763	29.3050022	0.433	2	1.1	0.9;
	91	1	0.1333332	0.11111	0	0	8	0.976211126	29.1649418	0.433	2	1.1	0.9;
	92	1	0	0	0	0	8	0.978762069	29.2573388	0.433	2	1.1	0.9;
	93	1	0	0	0	0	8	0.988080364	-0.338498691	11	2	1.1	0.9;
	94	1	0	0	0	0	8	0.987745837	-0.351753514	11	2	1.1	0.9;
	95	1	0	0	0	0	9	0.999943147	-0.00192480284	11	2	1.1	0.9;
	96	1	0	0	0	0	9	0.999943942	-0.00193909343	11	2	1.1	0.9;
	97	1	0	0	0	0	9	0.999957023	-0.0016933753	11	2	1.1	0.9;
	98	1	0	0	0	0	9	0.99995747	-0.00172959229	11	2	1.1	0.9;
	99	3	0	0	0	0	9	1	0	11	2	1.1	0.9;
	100	1	0	0	0	0	8	0.987709137	-0.353257824	11	2	1.1	0.9;
	101	1	0	0	0	0	8	0.987928622	-0.34470568	11	2	1.1	0.9;
	102	1	0	0	0	0	8	0.987869789	-0.34712099	11	2	1.1	0.9;
	103	1	0	0	0	0	8	0.987845397	-0.348134102	11	2	1.1	0.9;
	104	1	0	0	0	0	8	0.988201407	-0.335225001	11	2	1.1	0.9;
	105	1	0	0	0	0	8	0.995611457	-0.127760968	11	2	1.1	0.9;
	106	1	0	0	0	0	8	0.995599276	-0.128115667	11	2	1.1	0.9;
	107	1	0	0	0	0	8	0.995581896	-0.128778302	11	2	1.1	0.9;
	108	1	0	0	0	0	9	0.995610861	-0.127799795	11	2	1.1	0.9;
	109	1	0	0	0	0	8	0.992690017	-0.222667793	11	2	1.1	0.9;
	110	1	0	0	0	0	8	0.991489282	-0.253453139	11	2	1.1	0.9;
	111	1	0	0	0	0	8	0.988657142	-0.324433658	11	2	1.1	0.9;
	112	1	0	0	0	0	8	0.988454473	-0.266984701	11	2	1.1	0.9;
	113	1	0	0	0	0	8	0.987709298	-0.353259966	11	2	1.1	0.9;
	114	1	0	0	0	0	8	0.984492603	-0.395325182	11	2	1.1	0.9;
	115	1	0	0	0	0	8	0.991821052	-0.246013142	11	2	1.1	0.9;
	116	1	0	0	0	0	8	0.99301648	-0.17742094	11	2	1.1	0.9;
	117	1	0	0	0	0	8	0.990649692	-0.222751064	11	2	1.1	0.9;
	118	1	0	0	0	0	8	0.989157631	-0.314247514	11	2	1.1	0.9;
	119	1	0	0	0	0	8	0.986888206	-0.33890371	11	2	1.1	0.9;
	120	1	0	0	0	0	8	0.989831392	-0.29739059	11	2	1.1	0.9;
	121	1	0	0	0	0	8	0.989833158	-0.297264616	11	2	1.1	0.9;
	122	1	0	0	0	0	8	0.992687901	-0.22261152	11	2	1.1	0.9;
	123	1	0	0	0	0	8	0.992689699	-0.222539331	11	2	1.1	0.9;
	124	1	0	0	0	0	8	0.991537117	-0.252018171	11	2	1.1	0.9;
	125	1	0	0	0	0	8	0.991537523	-0.251989212	11	2	1.1	0.9;
