function mpc = anu_a_mod
%ANU_A_MOD

%% MATPOWER Case Format : Version 2
mpc.version = '2';

%%-----  Power Flow Data  -----%%
%% system MVA base
mpc.baseMVA = 100;

%% bus data
%	bus_i	type	Pd	Qd	Gs	Bs	area	Vm	Va	baseKV	zone	Vmax	Vmin
mpc.bus = [
	1	1	0	0	0	0	8	0.926528372	29.8963044	0.415	2	1.1	0.9;
	2	1	0	0	0	0	8	0.926528372	29.8963044	0.415	2	1.1	0.9;
	3	1	0	0	0	0	8	0.911584204	29.8641328	0.415	2	1.1	0.9;
	4	1	0	0	0	0	8	0.911584204	29.8641328	0.415	2	1.1	0.9;
	5	1	0	0	0	0	8	0.925491152	29.8969934	0.415	2	1.1	0.9;
	6	1	0	0	0	0	8	0.925491152	29.8969934	0.415	2	1.1	0.9;
	7	1	0	0	0	0	8	0.891912235	29.9505869	0.415	2	1.1	0.9;
	8	1	0	0	0	0	8	0.910863704	29.9960886	0.415	2	1.1	0.9;
	9	1	0	0	0	0	8	0.910863704	29.9960886	0.415	2	1.1	0.9;
	10	1	0	0	0	0	8	0.883493475	29.814783	0.415	2	1.1	0.9;
	11	1	0	0	0	0	8	0.897842605	29.8497325	0.415	2	1.1	0.9;
	12	1	0	0	0	0	8	0.866112498	29.948781	0.415	2	1.1	0.9;
	13	1	0	0	0	0	8	0.866112498	29.948781	0.415	2	1.1	0.9;
	14	1	0	0	0	0	8	0.88074959	29.9851238	0.415	2	1.1	0.9;
	15	1	0	0	0	0	8	0.88074959	29.9851238	0.415	2	1.1	0.9;
	16	1	0	0	0	0	8	0.882529698	29.7887733	0.415	2	1.1	0.9;
	17	1	0	0	0	0	8	0.901682654	29.8352269	0.415	2	1.1	0.9;
	18	1	0	0	0	0	8	0.882547536	29.7890288	0.415	2	1.1	0.9;
	19	1	0	0	0	0	8	0.901700106	29.8354807	0.415	2	1.1	0.9;
	20	1	0	0	0	0	8	0.922483217	29.641219	0.415	2	1.1	0.9;
	21	1	0	0	0	0	8	0.92248939	29.6430699	0.415	2	1.1	0.9;
	22	1	0	0	0	0	8	0.899541361	29.7755425	0.415	2	1.1	0.9;
	23	1	0	0	0	0	8	0.913634496	29.8092752	0.415	2	1.1	0.9;
	24	1	0	0	0	0	8	0.899545368	29.7755996	0.415	2	1.1	0.9;
	25	1	0	0	0	0	8	0.91363844	29.809332	0.415	2	1.1	0.9;
	26	1	0	0	0	0	8	0.904904709	29.7514943	0.415	2	1.1	0.9;
	27	1	0	0	0	0	8	0.918914312	29.7848344	0.415	2	1.1	0.9;
	28	1	0	0	0	0	8	0.89064264	29.7203973	0.415	2	1.1	0.9;
	29	1	0	0	0	0	8	0.909056354	29.7472016	0.415	2	1.1	0.9;
	30	1	0	0	0	0	8	0.923001974	29.7802425	0.415	2	1.1	0.9;
	31	1	0	0	0	0	8	0.866079482	29.9128374	0.415	2	1.1	0.9;
	32	1	0	0	0	0	8	0.885596238	29.9610333	0.415	2	1.1	0.9;
	33	1	0	0	0	0	8	0.866076657	29.9127966	0.415	2	1.1	0.9;
	34	1	0	0	0	0	8	0.885593478	29.9609928	0.415	2	1.1	0.9;
	35	1	0	0	0	0	8	0.850362015	30.0030452	0.415	2	1.1	0.9;
	36	1	0	0	0	0	8	0.865270224	30.0407234	0.415	2	1.1	0.9;
	37	1	0	0	0	0	8	0.917252419	29.7596674	0.415	2	1.1	0.9;
	38	1	0	0	0	0	8	0.931073426	29.7921292	0.415	2	1.1	0.9;
	39	1	0	0	0	0	8	0.917233716	29.7594055	0.415	2	1.1	0.9;
	40	1	0	0	0	0	8	0.931055005	29.7918686	0.415	2	1.1	0.9;
	41	1	0	0	0	0	8	0.941340439	29.6515008	0.415	2	1.1	0.9;
	42	1	0	0	0	0	8	0.895632678	29.802087	0.415	2	1.1	0.9;
	43	1	0	0	0	0	8	0.923058173	29.7755204	0.415	2	1.1	0.9;
	44	1	0	0	0	0	8	0.896633244	29.8057074	0.415	2	1.1	0.9;
	45	1	0	0	0	0	8	0.927558614	29.6433555	0.415	2	1.1	0.9;
	46	1	0	0	0	0	8	0.843463923	29.9946873	0.415	2	1.1	0.9;
	47	1	0	0	0	0	8	0.863503994	30.0454416	0.415	2	1.1	0.9;
	48	1	0	0	0	0	8	0.843478415	29.994868	0.415	2	1.1	0.9;
	49	1	0	0	0	0	8	0.863518142	30.0456205	0.415	2	1.1	0.9;
	50	1	0	0	0	0	8	0.897578234	30.0817749	0.415	2	1.1	0.9;
	51	1	0	0	0	0	8	0.909404273	29.7470378	0.415	2	1.1	0.9;
	52	1	0	0	0	0	8	0.923344558	29.7800538	0.415	2	1.1	0.9;
	53	1	0	0	0	0	8	0.899212518	29.7762052	0.415	2	1.1	0.9;
	54	1	0	0	0	0	8	0.913310806	29.8099622	0.415	2	1.1	0.9;
	55	1	0	0	0	0	8	0.92534084	29.7726619	0.415	2	1.1	0.9;
	56	1	0	0	0	0	8	0.937558006	29.6844748	0.415	2	1.1	0.9;
	57	1	0	0	0	0	8	0.937558006	29.6844748	0.415	2	1.1	0.9;
	58	1	0	0	0	0	8	0.886335339	29.6884048	0.415	2	1.1	0.9;
	59	1	0	0	0	0	8	0.8958709	29.7116788	0.415	2	1.1	0.9;
	60	1	0	0	0	0	8	0.880375222	29.8358938	0.415	2	1.1	0.9;
	61	1	0	0	0	0	8	0.894775177	29.8710874	0.415	2	1.1	0.9;
	62	1	0	0	0	0	8	0.717275795	29.0001683	0.415	2	1.1	0.9;
	63	1	0	0	0	0	8	0.83511421	29.3087307	0.415	2	1.1	0.9;
	64	1	0	0	0	0	8	0.92297848	29.6397985	0.415	2	1.1	0.9;
	65	1	0	0	0	0	8	0.92297848	29.6397985	0.415	2	1.1	0.9;
	66	1	0	0	0	0	8	0.877880099	29.8478547	0.415	2	1.1	0.9;
	67	1	0	0	0	0	8	0.892320983	29.8832454	0.415	2	1.1	0.9;
	68	1	0	0	0	0	8	0.880851003	29.7992202	0.415	2	1.1	0.9;
	69	1	0	0	0	0	8	0.900040462	29.8458473	0.415	2	1.1	0.9;
	70	1	0	0	0	0	8	0.822591419	29.5298397	0.415	2	1.1	0.9;
	71	1	0	0	0	0	8	0.898381949	30.1078985	0.433	2	1.1	0.9;
	72	1	0	0	0	0	8	0.898319246	30.1077308	0.433	2	1.1	0.9;
	73	1	0	0	0	0	8	0.943738545	29.7474055	0.415	2	1.1	0.9;
	74	1	0	0	0	0	8	0.945102363	29.7567302	0.415	2	1.1	0.9;
	75	1	0	0	0	0	8	0.894726928	30.1036415	0.415	2	1.1	0.9;
	76	1	0	0	0	0	8	0.908895898	30.1377325	0.415	2	1.1	0.9;
	77	1	0	0	0	0	8	0.901427235	30.071241	11	2	1.1	0.9;
	78	1	0	0	0	0	8	0.901453925	30.0713057	11	2	1.1	0.9;
	79	1	0	0	0	0	8	0.866493661	30.0370414	0.433	2	1.1	0.9;
	80	1	0	0	0	0	8	0.868285562	30.0415547	0.433	2	1.1	0.9;
	81	1	0	0	0	0	8	0.880833908	29.8527575	0.433	2	1.1	0.9;
	82	1	0	0	0	0	8	0.881547065	29.8571306	0.433	2	1.1	0.9;
	83	1	0	0	0	0	8	0.880635612	30.0195567	0.415	2	1.1	0.9;
	84	1	0	0	0	0	8	0.899829764	30.0662062	0.415	2	1.1	0.9;
	85	1	0	0	0	0	8	0.880779133	30.0199451	0.415	2	1.1	0.9;
	86	1	0	0	0	0	8	0.899970158	30.0665796	0.415	2	1.1	0.9;
	87	1	0	0	0	0	8	0.88260742	30.0246695	0.433	2	1.1	0.9;
	88	1	0	0	0	0	8	0.90019951	30.0674077	0.433	2	1.1	0.9;
	89	1	0	0	0	0	8	0.876731178	29.8614667	0.433	2	1.1	0.9;
	90	1	0	0	0	0	8	0.890013761	29.8941031	0.433	2	1.1	0.9;
	91	1	0	0	0	0	8	0.849776679	29.9896044	0.433	2	1.1	0.9;
	92	1	0	0	0	0	8	0.868048452	30.035638	0.433	2	1.1	0.9;
	93	1	0	0	0	0	8	0.92306648	0.169458468	11	2	1.1	0.9;
	94	1	0	0	0	0	8	0.920653298	0.160558742	11	2	1.1	0.9;
	95	1	0	0	0	0	9	0.99960626	-0.000280819783	11	2	1.1	0.9;
	96	1	0	0	0	0	9	0.999608699	-0.000419975045	11	2	1.1	0.9;
	97	1	0	0	0	0	9	0.999683979	-0.00102913056	11	2	1.1	0.9;
	98	1	0	0	0	0	9	0.999682846	-0.0012180058	11	2	1.1	0.9;
	99	3	0	0	0	0	9	1	0	11	2	1.1	0.9;
	100	1	0	0	0	0	8	0.920387847	0.159429683	11	2	1.1	0.9;
	101	1	0	0	0	0	8	0.921959616	0.164785951	11	2	1.1	0.9;
	102	1	0	0	0	0	8	0.92153231	0.163002804	11	2	1.1	0.9;
	103	1	0	0	0	0	8	0.921353597	0.162257237	11	2	1.1	0.9;
	104	1	0	0	0	0	8	0.923832628	0.167075848	11	2	1.1	0.9;
	105	1	0	0	0	0	8	0.97114938	0.0485914073	11	2	1.1	0.9;
	106	1	0	0	0	0	8	0.971018634	0.0481652629	11	2	1.1	0.9;
	107	1	0	0	0	0	8	0.970953397	0.0484538265	11	2	1.1	0.9;
	108	1	0	0	0	0	9	0.971144021	0.048510396	11	2	1.1	0.9;
	109	1	0	0	0	0	8	0.952022504	0.0559157526	11	2	1.1	0.9;
	110	1	0	0	0	0	8	0.944476357	0.0800046199	11	2	1.1	0.9;
	111	1	0	0	0	0	8	0.926616623	0.15230176	11	2	1.1	0.9;
	112	1	0	0	0	0	8	0.929785194	0.358397354	11	2	1.1	0.9;
	113	1	0	0	0	0	8	0.920388097	0.159427541	11	2	1.1	0.9;
	114	1	0	0	0	0	8	0.89704609	0.34394244	11	2	1.1	0.9;
	115	1	0	0	0	0	8	0.946446967	0.0679052132	11	2	1.1	0.9;
	116	1	0	0	0	0	8	0.956231606	0.160165062	11	2	1.1	0.9;
	117	1	0	0	0	0	8	0.942595091	0.265067219	11	2	1.1	0.9;
	118	1	0	0	0	0	8	0.929561252	0.128991435	11	2	1.1	0.9;
	119	1	0	0	0	0	8	0.913105302	0.275071342	11	2	1.1	0.9;
	120	1	0	0	0	0	8	0.933751674	0.109607114	11	2	1.1	0.9;
	121	1	0	0	0	0	8	0.933768477	0.109850446	11	2	1.1	0.9;
	122	1	0	0	0	0	8	0.952019121	0.0559720258	11	2	1.1	0.9;
	123	1	0	0	0	0	8	0.952031904	0.0559994334	11	2	1.1	0.9;
	124	1	0	0	0	0	8	0.944786823	0.0791721166	11	2	1.1	0.9;
	125	1	0	0	0	0	8	0.944790629	0.079226613	11	2	1.1	0.9;
	126	1	0	0	0	0	8	0.921244601	0.162404987	11	2	1.1	0.9;
	127	1	0	0	0	0	8	0.953827976	0.0448051699	11	2	1.1	0.9;
	128	1	0	0	0	0	8	0.918274902	0.245275378	11	2	1.1	0.9;
	129	1	0	0	0	0	8	0.918272248	0.245236645	11	2	1.1	0.9;
	130	1	0	0	0	0	8	0.898225759	0.340884531	11	2	1.1	0.9;
	131	1	0	0	0	0	8	0.961623771	0.0522206149	11	2	1.1	0.9;
	132	1	0	0	0	0	8	0.961605973	0.0519700698	11	2	1.1	0.9;
	133	1	0	0	0	0	8	0.970290411	0.0485460653	11	2	1.1	0.9;
	134	1	0	0	0	0	8	0.937689797	0.303435081	11	2	1.1	0.9;
	135	1	0	0	0	0	8	0.920387455	0.159432601	11	2	1.1	0.9;
	136	1	0	0	0	0	8	0.952582455	0.187956884	11	2	1.1	0.9;
	137	1	0	0	0	0	8	0.921360357	0.162277321	11	2	1.1	0.9;
	138	1	0	0	0	0	8	0.956939416	0.0519220885	11	2	1.1	0.9;
	139	1	0	0	0	0	8	0.897059655	0.344111967	11	2	1.1	0.9;
	140	1	0	0	0	0	8	0.897073226	0.344281299	11	2	1.1	0.9;
