function mpc = anu_a
%ANU_A

%% MATPOWER Case Format : Version 2
mpc.version = '2';

%%-----  Power Flow Data  -----%%
%% system MVA base
mpc.baseMVA = 100;

%% bus data
%	bus_i	type	Pd	Qd	Gs	Bs	area	Vm	Va	baseKV	zone	Vmax	Vmin
mpc.bus = [
	1	1	0.0666668	0.0555566667	0	0	8	0.991337022	29.7731899	0.415	2	1.1	0.9;
	2	1	0.0666668	0.0555566667	0	0	8	0.991337022	29.7731899	0.415	2	1.1	0.9;
	3	1	0.1	0.0833333333	0	0	8	0.988651966	29.6643457	0.415	2	1.1	0.9;
	4	1	0.1	0.0833333333	0	0	8	0.988651966	29.6643457	0.415	2	1.1	0.9;
	5	1	0	0	0	0	8	0.989728689	29.6700123	0.415	2	1.1	0.9;
	6	1	0	0	0	0	8	0.989728689	29.6700123	0.415	2	1.1	0.9;
	7	1	0.1333332	0.11111	0	0	8	0.986736276	29.676027	0.415	2	1.1	0.9;
	8	1	0	0	0	0	8	0.988174688	29.6836092	0.415	2	1.1	0.9;
	9	1	0	0	0	0	8	0.988174688	29.6836092	0.415	2	1.1	0.9;
	10	1	0.1	0.0833333333	0	0	8	0.986575102	29.6536011	0.415	2	1.1	0.9;
	11	1	0	0	0	0	8	0.987654091	29.6592914	0.415	2	1.1	0.9;
	12	1	0.1	0.0833333333	0	0	8	0.985284235	29.6767892	0.415	2	1.1	0.9;
	13	1	0.1	0.0833333333	0	0	8	0.985284235	29.6767892	0.415	2	1.1	0.9;
	14	1	0	0	0	0	8	0.986364638	29.6824945	0.415	2	1.1	0.9;
	15	1	0	0	0	0	8	0.986364638	29.6824945	0.415	2	1.1	0.9;
	16	1	0.1333332	0.11111	0	0	8	0.986537171	29.6470125	0.415	2	1.1	0.9;
	17	1	0	0	0	0	8	0.987975873	29.6545978	0.415	2	1.1	0.9;
	18	1	0.1333332	0.11111	0	0	8	0.986537759	29.6470545	0.415	2	1.1	0.9;
	19	1	0	0	0	0	8	0.987976461	29.6546398	0.415	2	1.1	0.9;
	20	1	0.0666668	0.0555566667	0	0	8	0.990341035	29.6257675	0.415	2	1.1	0.9;
	21	1	0.0666668	0.0555566667	0	0	8	0.990335312	29.6260991	0.415	2	1.1	0.9;
	22	1	0.1	0.0833333333	0	0	8	0.98795956	29.6475285	0.415	2	1.1	0.9;
	23	1	0	0	0	0	8	0.989037037	29.653203	0.415	2	1.1	0.9;
	24	1	0.1	0.0833333333	0	0	8	0.987959696	29.6475382	0.415	2	1.1	0.9;
	25	1	0	0	0	0	8	0.989037173	29.6532127	0.415	2	1.1	0.9;
	26	1	0.1	0.0833333333	0	0	8	0.988477401	29.6437484	0.415	2	1.1	0.9;
	27	1	0	0	0	0	8	0.989554313	29.6494169	0.415	2	1.1	0.9;
	28	1	0.0666668	0.0555566667	0	0	8	0.98749541	29.639159	0.415	2	1.1	0.9;
	29	1	0.1	0.0833333333	0	0	8	0.988824381	29.6428306	0.415	2	1.1	0.9;
	30	1	0	0	0	0	8	0.989900916	29.6484952	0.415	2	1.1	0.9;
	31	1	0.1333332	0.11111	0	0	8	0.985298178	29.6683694	0.415	2	1.1	0.9;
	32	1	0	0	0	0	8	0.98673869	29.6759737	0.415	2	1.1	0.9;
	33	1	0.1333332	0.11111	0	0	8	0.985298084	29.6683629	0.415	2	1.1	0.9;
	34	1	0	0	0	0	8	0.986738595	29.6759672	0.415	2	1.1	0.9;
	35	1	0.1	0.0833333333	0	0	8	0.984026531	29.6854959	0.415	2	1.1	0.9;
	36	1	0	0	0	0	8	0.985108315	29.6912157	0.415	2	1.1	0.9;
	37	1	0.1	0.0833333333	0	0	8	0.989457453	29.6459233	0.415	2	1.1	0.9;
	38	1	0	0	0	0	8	0.990533299	29.6515806	0.415	2	1.1	0.9;
	39	1	0.1	0.0833333333	0	0	8	0.989456824	29.6458782	0.415	2	1.1	0.9;
	40	1	0	0	0	0	8	0.99053267	29.6515355	0.415	2	1.1	0.9;
	41	1	0.0666668	0.0555566667	0	0	8	0.991896008	29.6287092	0.415	2	1.1	0.9;
	42	1	0.0333333333	0.0277766667	0	0	8	0.98848011	29.709647	0.415	2	1.1	0.9;
	43	1	0.0666668	0.0555566667	0	0	8	0.989958598	29.6503846	0.415	2	1.1	0.9;
	44	1	0.0333333333	0.0277766667	0	0	8	0.988550462	29.7102153	0.415	2	1.1	0.9;
	45	1	0.0666668	0.0555566667	0	0	8	0.990768433	29.6268105	0.415	2	1.1	0.9;
	46	1	0.1333332	0.11111	0	0	8	0.983494454	29.6815755	0.415	2	1.1	0.9;
	47	1	0	0	0	0	8	0.984937608	29.6892077	0.415	2	1.1	0.9;
	48	1	0.1333332	0.11111	0	0	8	0.983494923	29.6816028	0.415	2	1.1	0.9;
	49	1	0	0	0	0	8	0.984938076	29.689235	0.415	2	1.1	0.9;
	50	1	0	0	0	0	8	0.986818725	29.6973256	0.415	2	1.1	0.9;
	51	1	0.1	0.0833333333	0	0	8	0.988853555	29.6428343	0.415	2	1.1	0.9;
	52	1	0	0	0	0	8	0.989930058	29.6484985	0.415	2	1.1	0.9;
	53	1	0.1	0.0833333333	0	0	8	0.987930847	29.6476012	0.415	2	1.1	0.9;
	54	1	0	0	0	0	8	0.989008355	29.6532759	0.415	2	1.1	0.9;
	55	1	0	0	0	0	8	0.990259256	29.6469278	0.415	2	1.1	0.9;
	56	1	0.0666668	0.0555566667	0	0	8	0.991461676	29.6341381	0.415	2	1.1	0.9;
	57	1	0.0666668	0.0555566667	0	0	8	0.991461676	29.6341381	0.415	2	1.1	0.9;
	58	1	0.0666668	0.0555566667	0	0	8	0.987242497	29.6344314	0.415	2	1.1	0.9;
	59	1	0	0	0	0	8	0.987961343	29.6382209	0.415	2	1.1	0.9;
	60	1	0.1	0.0833333333	0	0	8	0.986260352	29.6567172	0.415	2	1.1	0.9;
	61	1	0	0	0	0	8	0.987339685	29.6624112	0.415	2	1.1	0.9;
	62	1	0.1333332	0.11111	0	0	8	0.972637104	29.1812707	0.415	2	1.1	0.9;
	63	1	0	0	0	0	8	0.979933599	29.220055	0.415	2	1.1	0.9;
	64	1	0.0666668	0.0555566667	0	0	8	0.990387753	29.6256077	0.415	2	1.1	0.9;
	65	1	0.0666668	0.0555566667	0	0	8	0.990387753	29.6256077	0.415	2	1.1	0.9;
	66	1	0.1	0.0833333333	0	0	8	0.986024098	29.6584921	0.415	2	1.1	0.9;
	67	1	0	0	0	0	8	0.98710369	29.6641888	0.415	2	1.1	0.9;
	68	1	0.1333332	0.11111	0	0	8	0.986370999	29.6485849	0.415	2	1.1	0.9;
	69	1	0	0	0	0	8	0.987809944	29.6561728	0.415	2	1.1	0.9;
	70	1	0.1333332	0.11111	0	0	8	0.983039979	29.6089541	0.415	2	1.1	0.9;
	71	1	0	0	0	0	8	0.986979728	29.7156255	0.433	2	1.1	0.9;
	72	1	0	0	0	0	8	0.986975213	29.7155927	0.433	2	1.1	0.9;
	73	1	0.1333332	0.0833333333	0	0	8	0.99226081	29.6409823	0.415	2	1.1	0.9;
	74	1	0	0	0	0	8	0.992387596	29.6426715	0.415	2	1.1	0.9;
	75	1	0.1	0.0833333333	0	0	8	0.987610133	29.7790886	0.415	2	1.1	0.9;
	76	1	0	0	0	0	8	0.988687992	29.7847671	0.415	2	1.1	0.9;
	77	1	0.1333332	0.11111	0	0	8	0.987130403	29.6955589	11	2	1.1	0.9;
	78	1	0	0	0	0	8	0.98713245	29.6955697	11	2	1.1	0.9;
	79	1	0.1333332	0.11111	0	0	8	0.985116143	29.687569	0.433	2	1.1	0.9;
	80	1	0	0	0	0	8	0.98524849	29.6882688	0.433	2	1.1	0.9;
	81	1	0.0666668	0.0444433333	0	0	8	0.987466861	29.6658009	0.433	2	1.1	0.9;
	82	1	0	0	0	0	8	0.987526875	29.6664973	0.433	2	1.1	0.9;
	83	1	0.1333332	0.11111	0	0	8	0.98561048	29.6873622	0.415	2	1.1	0.9;
	84	1	0	0	0	0	8	0.987050535	29.6949618	0.415	2	1.1	0.9;
	85	1	0.1333332	0.11111	0	0	8	0.985620626	29.6874305	0.415	2	1.1	0.9;
	86	1	0	0	0	0	8	0.987060666	29.6950299	0.415	2	1.1	0.9;
	87	1	0.1333332	0.11111	0	0	8	0.985751057	29.6881686	0.433	2	1.1	0.9;
	88	1	0	0	0	0	8	0.987073684	29.6951483	0.433	2	1.1	0.9;
	89	1	0.1	0.0833333333	0	0	8	0.986057955	29.6721025	0.433	2	1.1	0.9;
	90	1	0	0	0	0	8	0.98704962	29.6773355	0.433	2	1.1	0.9;
	91	1	0.1333332	0.11111	0	0	8	0.983949235	29.6806202	0.433	2	1.1	0.9;
	92	1	0	0	0	0	8	0.985274284	29.6876255	0.433	2	1.1	0.9;
	93	1	0	0	0	0	8	0.993195857	0.019380814	11	2	1.1	0.9;
	94	1	0	0	0	0	8	0.993027776	0.0177356875	11	2	1.1	0.9;
	95	1	0	0	0	0	9	0.999969381	-0.000120246552	11	2	1.1	0.9;
	96	1	0	0	0	0	9	0.999970043	-0.000140429556	11	2	1.1	0.9;
	97	1	0	0	0	0	9	0.999977992	-0.000200114252	11	2	1.1	0.9;
	98	1	0	0	0	0	9	0.999978456	-0.000217963858	11	2	1.1	0.9;
	99	3	0	0	0	0	9	1	0	11	2	1.1	0.9;
	100	1	0	0	0	0	8	0.993009575	0.0175274019	11	2	1.1	0.9;
	101	1	0	0	0	0	8	0.993120613	0.0185206585	11	2	1.1	0.9;
	102	1	0	0	0	0	8	0.993091399	0.0181847545	11	2	1.1	0.9;
	103	1	0	0	0	0	8	0.993079254	0.0180410768	11	2	1.1	0.9;
	104	1	0	0	0	0	8	0.993265589	0.0190626883	11	2	1.1	0.9;
	105	1	0	0	0	0	8	0.99751633	0.00436079749	11	2	1.1	0.9;
	106	1	0	0	0	0	8	0.997511687	0.00436034407	11	2	1.1	0.9;
	107	1	0	0	0	0	8	0.997500073	0.00431234036	11	2	1.1	0.9;
	108	1	0	0	0	0	9	0.997516134	0.00434790683	11	2	1.1	0.9;
	109	1	0	0	0	0	8	0.995893397	0.00277119337	11	2	1.1	0.9;
	110	1	0	0	0	0	8	0.995195578	0.00660487079	11	2	1.1	0.9;
	111	1	0	0	0	0	8	0.993537781	0.0169503717	11	2	1.1	0.9;
	112	1	0	0	0	0	8	0.993099712	0.0545449811	11	2	1.1	0.9;
	113	1	0	0	0	0	8	0.993009629	0.0175252598	11	2	1.1	0.9;
	114	1	0	0	0	0	8	0.991230773	0.04779752	11	2	1.1	0.9;
	115	1	0	0	0	0	8	0.995397616	0.0048259308	11	2	1.1	0.9;
	116	1	0	0	0	0	8	0.995910987	0.0228713267	11	2	1.1	0.9;
	117	1	0	0	0	0	8	0.994447508	0.0398921702	11	2	1.1	0.9;
	118	1	0	0	0	0	8	0.993849486	0.0136266395	11	2	1.1	0.9;
	119	1	0	0	0	0	8	0.992568201	0.0377518879	11	2	1.1	0.9;
	120	1	0	0	0	0	8	0.994249968	0.0110234342	11	2	1.1	0.9;
	121	1	0	0	0	0	8	0.994250551	0.0110650517	11	2	1.1	0.9;
	122	1	0	0	0	0	8	0.995892689	0.00282746648	11	2	1.1	0.9;
	123	1	0	0	0	0	8	0.995893655	0.00283555235	11	2	1.1	0.9;
	124	1	0	0	0	0	8	0.995223696	0.0065531638	11	2	1.1	0.9;
	125	1	0	0	0	0	8	0.99522383	0.00656274525	11	2	1.1	0.9;
