%%%%%%%%%%%%%%%%%%%%%%%%%%%%%%%%%%%%%%%%%%%%%%%%%%%%%%%%%%%%%%%%%%%%%%%%%%%
%%%%                                                                  %%%%%
%%%%      NICTA Energy System Test Case Archive (NESTA) - v0.1.5      %%%%%
%%%%              Optimal Power Flow - Typical Operation              %%%%%
%%%%                       30 - October - 2014                        %%%%%
%%%%                                                                  %%%%%
%%%%%%%%%%%%%%%%%%%%%%%%%%%%%%%%%%%%%%%%%%%%%%%%%%%%%%%%%%%%%%%%%%%%%%%%%%%
%
%   A modified version of the 30 bus, 6 generator case.
%
%   Alsac, O. & Stott, B., "Optimal Load Flow with Steady State Security",
%   IEEE Transactions on Power Apparatus and Systems, Vol. PAS 93, No. 3,
%   1974, pp. 745-751.
%
%   Modifications were made to exercise many of the key features of NESTA 
%   test cases. For example, multiple generators at one bus
%   line and generators with status 0, multiple lines between a pair of buses,
%   etc...
%
%
function mpc = nesta_case30_test
mpc.version = '2';
mpc.baseMVA = 100.0;

%% area data
%	area	refbus
mpc.areas = [
	1	 8;
	2	 23;
	3	 26;
];

%% bus data
%	bus_i	type	Pd	Qd	Gs	Bs	area	Vm	Va	baseKV	zone	Vmax	Vmin
mpc.bus = [
	1	 3	 0.0	 0.0	 0.0	 0.0	 1	     0.9700	     0.0000	 135.0	 1	     1.0500	     0.9500;
	2	 2	 21.7	 12.7	 0.0	 0.0	 1	     0.9610	    -0.3710	 135.0	 1	     1.1000	     0.9500;
	3	 1	 2.4	 1.2	 0.0	 0.0	 1	     0.9710	    -1.2290	 135.0	 1	     1.0500	     0.9500;
	4	 1	 7.6	 1.6	 0.0	 0.0	 1	     0.9720	    -1.3560	 135.0	 1	     1.0500	     0.9500;
	5	 1	 0.0	 0.0	 0.0	 0.19	 1	     0.9590	    -1.4980	 135.0	 1	     1.0500	     0.9500;
	6	 1	 0.0	 0.0	 0.0	 0.0	 1	     0.9660	    -1.6250	 135.0	 1	     1.0500	     0.9500;
	7	 1	 22.8	 10.9	 0.0	 0.0	 1	     0.9540	    -2.1440	 135.0	 1	     1.0500	     0.9500;
	8	 1	 30.0	 30.0	 0.0	 0.0	 1	     0.9550	    -1.6070	 135.0	 1	     1.0500	     0.9500;
	9	 1	 0.0	 0.0	 0.0	 0.0	 1	     0.9810	    -1.5010	 135.0	 1	     1.0500	     0.9500;
	10	 1	 5.8	 2.0	 0.0	 0.0	 3	     0.9920	    -1.4700	 135.0	 1	     1.0500	     0.9500;
	11	 1	 0.0	 0.0	 0.0	 0.0	 1	     0.9810	    -1.5010	 135.0	 1	     1.0500	     0.9500;
	12	 1	 11.2	 7.5	 0.0	 0.0	 2	     1.0280	    -0.2930	 135.0	 1	     1.0500	     0.9500;
	13	 2	 0.0	 0.0	 0.0	 0.0	 2	     1.0850	     2.5770	 135.0	 1	     1.1000	     0.9500;
	14	 1	 6.2	 1.6	 0.0	 0.0	 2	     1.0190	    -0.8590	 135.0	 1	     1.0500	     0.9500;
	15	 1	 8.2	 2.5	 0.0	 0.0	 2	     1.0220	    -0.6990	 135.0	 1	     1.0500	     0.9500;
	16	 1	 3.5	 1.8	 0.0	 0.0	 2	     1.0050	    -1.0740	 135.0	 1	     1.0500	     0.9500;
	17	 1	 9.0	 5.8	 0.0	 0.0	 2	     0.9900	    -1.5670	 135.0	 1	     1.0500	     0.9500;
	18	 1	 3.2	 0.9	 0.0	 0.0	 2	     0.9980	    -1.6920	 135.0	 1	     1.0500	     0.9500;
	19	 1	 9.5	 3.4	 0.0	 0.0	 2	     0.9880	    -2.1040	 135.0	 1	     1.0500	     0.9500;
	20	 1	 2.2	 0.7	 0.0	 0.0	 2	     0.9880	    -2.0030	 135.0	 1	     1.0500	     0.9500;
	21	 1	 17.5	 11.2	 0.0	 0.0	 3	     1.0000	    -1.3300	 135.0	 1	     1.0500	     0.9500;
	22	 2	 0.0	 0.0	 0.0	 0.0	 3	     1.0060	    -1.1620	 135.0	 1	     1.1000	     0.9500;
	23	 2	 3.2	 1.6	 0.0	 0.0	 2	     1.0490	     0.4440	 135.0	 1	     1.1000	     0.9500;
	24	 1	 8.7	 6.7	 0.04	 0.08	 3	     1.0210	    -0.1920	 135.0	 1	     1.0500	     0.9500;
	25	 1	 0.0	 0.0	 0.0	 0.0	 3	     1.0450	     1.7490	 135.0	 1	     1.0500	     0.9500;
	26	 1	 3.5	 2.3	 0.0	 0.0	 3	     1.0280	     1.3470	 135.0	 1	     1.0500	     0.9500;
	27	 2	 0.0	 0.0	 0.0	 0.0	 3	     1.0690	     3.1840	 135.0	 1	     1.1000	     0.9500;
	28	 1	 0.0	 0.0	 0.0	 0.0	 1	     0.9780	    -1.2590	 135.0	 1	     1.0500	     0.9500;
	29	 1	 2.4	 0.9	 0.0	 0.0	 3	     1.0500	     2.0490	 135.0	 1	     1.0500	     0.9500;
	99	 1	 10.6	 1.9	 0.0	 0.0	 3	     1.0390	     1.2560	 135.0	 1	     1.0500	     0.9500;
];

%% generator data
%	bus	Pg	Qg	Qmax	Qmin	Vg	mBase	status	Pmax	Pmin	Pc1	Pc2	Qc1min	Qc1max	Qc2min	Qc2max	ramp_agc	ramp_10	ramp_30	ramp_q	apf
mpc.gen = [
	1	 23.28	 4.74	 150.0	 -20.0	 1.0	 100.0	 1	 80.0	 0.0	 0.0	 0.0	 0.0	 0.0	 0.0	 0.0	 0.0	 0.0	 0.0	 0.0	 0.0;
	2	 33.17	 -16.0	 40.0	 -20.0	 1.0	 100.0	 1	 40.0	 0.0	 0.0	 0.0	 0.0	 0.0	 0.0	 0.0	 0.0	 0.0	 0.0	 0.0	 0.0;
	2	 0.0	 0.0	 40.0	 -20.0	 1.0	 100.0	 1	 60.0	 0.0	 0.0	 0.0	 0.0	 0.0	 0.0	 0.0	 0.0	 0.0	 0.0	 0.0	 0.0;
	22	 39.91	 44.7	 62.5	 -15.0	 1.0	 100.0	 1	 50.0	 0.0	 0.0	 0.0	 0.0	 0.0	 0.0	 0.0	 0.0	 0.0	 0.0	 0.0	 0.0;
	27	 21.23	 25.93	 48.7	 -15.0	 1.0	 100.0	 1	 55.0	 0.0	 0.0	 0.0	 0.0	 0.0	 0.0	 0.0	 0.0	 0.0	 0.0	 0.0	 0.0;
	23	 25.41	 16.08	 40.0	 -10.0	 1.0	 100.0	 1	 30.0	 0.0	 0.0	 0.0	 0.0	 0.0	 0.0	 0.0	 0.0	 0.0	 0.0	 0.0	 0.0;
	13	 48.96	 32.57	 44.7	 -15.0	 1.0	 100.0	 1	 40.0	 0.0	 0.0	 0.0	 0.0	 0.0	 0.0	 0.0	 0.0	 0.0	 0.0	 0.0	 0.0;
	99	 0.0	 0.0	 200.0	 -90.0	 1.0	 100.0	 0	 90.0	 0.0	 0.0	 0.0	 0.0	 0.0	 0.0	 0.0	 0.0	 0.0	 0.0	 0.0	 0.0;
];

%% generator cost data
%	2	startup	shutdown	n	c(n-1)	...	c0
mpc.gencost = [
	2	 0.0	 0.0	 3	   0.020000	   2.000000	   0.000000;
	2	 0.0	 0.0	 3	   0.017500	   1.750000	   0.000000;
	2	 0.0	 0.0	 3	   0.008340	   3.250000	   0.000000;
	2	 0.0	 0.0	 3	   0.062500	   1.000000	   0.000000;
	2	 0.0	 0.0	 3	   0.008340	   3.250000	   0.000000;
	2	 0.0	 0.0	 3	   0.025000	   3.000000	   0.000000;
	2	 0.0	 0.0	 3	   0.025000	   3.000000	   0.000000;
	2	 0.0	 0.0	 3	   0.000000	   1.000000	   0.000000;
];

%% branch data
%	fbus	tbus	r	x	b	rateA	rateB	rateC	ratio	angle	status	angmin	angmax
