%%%%%%%%%%%%%%%%%%%%%%%%%%%%%%%%%%%%%%%%%%%%%%%%%%%%%%%%%%%%%%%%%%%%%%%%%%%
%%%%                                                                  %%%%%
%%%%      NICTA Energy System Test Case Archive (NESTA) - v0.2.0      %%%%%
%%%%              Optimal Power Flow - Typical Operation              %%%%%
%%%%                       06 - November - 2014                       %%%%%
%%%%                                                                  %%%%%
%%%%%%%%%%%%%%%%%%%%%%%%%%%%%%%%%%%%%%%%%%%%%%%%%%%%%%%%%%%%%%%%%%%%%%%%%%%
%
%   Power flow data for IEEE 118 bus test case.
%   Please see CASEFORMAT for details on the case file format.
%   (ieee118cdf.txt) on 20-Sep-2004 by cdf2matp, rev. 1.11
%
%   Converted from IEEE CDF file from:
%       http://www.ee.washington.edu/research/pstca/
%   
%   With base_kV data take from the PSAP format file from the same site,
%   added manually on 10-Mar-2006.
%
%   CDF Header:
%   08/25/93 UW ARCHIVE           100.0  1961 W IEEE 118 Bus Test Case
%
function mpc = nesta_case118_ieee
mpc.version = '2';
mpc.baseMVA = 100.0;

%% bus data
%	bus_i	type	Pd	Qd	Gs	Bs	area	Vm	Va	baseKV	zone	Vmax	Vmin
mpc.bus = [
	1	 2	 51.0	 27.0	 0.0	 0.0	 1	    1.03311	  -32.71927	 138.0	 1	    1.06000	    0.94000;
	2	 1	 20.0	 9.0	 0.0	 0.0	 1	    1.04474	  -31.35500	 138.0	 1	    1.06000	    0.94000;
	3	 1	 39.0	 10.0	 0.0	 0.0	 1	    1.03883	  -32.21639	 138.0	 1	    1.06000	    0.94000;
	4	 2	 39.0	 12.0	 0.0	 0.0	 1	    1.05717	  -30.56077	 138.0	 1	    1.06000	    0.94000;
	5	 1	 0.0	 0.0	 0.0	 -40.0	 1	    1.05560	  -30.35009	 138.0	 1	    1.06000	    0.94000;
	6	 2	 52.0	 22.0	 0.0	 0.0	 1	    1.05523	  -31.06566	 138.0	 1	    1.06000	    0.94000;
	7	 1	 19.0	 2.0	 0.0	 0.0	 1	    1.05614	  -30.77007	 138.0	 1	    1.06000	    0.94000;
	8	 2	 28.0	 0.0	 0.0	 0.0	 1	    1.04470	  -28.77807	 345.0	 1	    1.06000	    0.94000;
	9	 1	 0.0	 0.0	 0.0	 0.0	 1	    1.06000	  -28.84757	 345.0	 1	    1.06000	    0.94000;
	10	 2	 0.0	 0.0	 0.0	 0.0	 1	    1.03533	  -28.74077	 345.0	 1	    1.06000	    0.94000;
	11	 1	 70.0	 23.0	 0.0	 0.0	 1	    1.05161	  -30.68722	 138.0	 1	    1.06000	    0.94000;
	12	 2	 47.0	 10.0	 0.0	 0.0	 1	    1.05998	  -29.96300	 138.0	 1	    1.06000	    0.94000;
	13	 1	 34.0	 16.0	 0.0	 0.0	 1	    1.03909	  -31.49222	 138.0	 1	    1.06000	    0.94000;
	14	 1	 14.0	 1.0	 0.0	 0.0	 1	    1.05644	  -30.44136	 138.0	 1	    1.06000	    0.94000;
	15	 2	 90.0	 30.0	 0.0	 0.0	 1	    1.04944	  -30.27652	 138.0	 1	    1.06000	    0.94000;
	16	 1	 25.0	 10.0	 0.0	 0.0	 1	    1.05301	  -30.09398	 138.0	 1	    1.06000	    0.94000;
	17	 1	 11.0	 3.0	 0.0	 0.0	 1	    1.06000	  -28.21187	 138.0	 1	    1.06000	    0.94000;
	18	 2	 60.0	 34.0	 0.0	 0.0	 1	    1.05266	  -30.01904	 138.0	 1	    1.06000	    0.94000;
	19	 2	 45.0	 25.0	 0.0	 0.0	 1	    1.04790	  -30.20341	 138.0	 1	    1.06000	    0.94000;
	20	 1	 18.0	 3.0	 0.0	 0.0	 1	    1.03469	  -28.71802	 138.0	 1	    1.06000	    0.94000;
	21	 1	 14.0	 8.0	 0.0	 0.0	 1	    1.02932	  -26.80067	 138.0	 1	    1.06000	    0.94000;
	22	 1	 10.0	 5.0	 0.0	 0.0	 1	    1.03322	  -23.93715	 138.0	 1	    1.06000	    0.94000;
	23	 1	 7.0	 3.0	 0.0	 0.0	 1	    1.05203	  -18.52819	 138.0	 1	    1.06000	    0.94000;
	24	 2	 13.0	 0.0	 0.0	 0.0	 1	    1.05677	  -17.41511	 138.0	 1	    1.06000	    0.94000;
	25	 2	 0.0	 0.0	 0.0	 0.0	 1	    1.06000	  -12.57035	 138.0	 1	    1.06000	    0.94000;
	26	 2	 0.0	 0.0	 0.0	 0.0	 1	    1.02523	  -12.16934	 345.0	 1	    1.06000	    0.94000;
	27	 2	 71.0	 13.0	 0.0	 0.0	 1	    1.04145	  -24.93730	 138.0	 1	    1.06000	    0.94000;
	28	 1	 17.0	 7.0	 0.0	 0.0	 1	    1.03327	  -26.46641	 138.0	 1	    1.06000	    0.94000;
	29	 1	 24.0	 4.0	 0.0	 0.0	 1	    1.03202	  -27.36246	 138.0	 1	    1.06000	    0.94000;
	30	 1	 0.0	 0.0	 0.0	 0.0	 1	    1.02877	  -24.81028	 345.0	 1	    1.06000	    0.94000;
	31	 2	 43.0	 27.0	 0.0	 0.0	 1	    1.03446	  -27.26758	 138.0	 1	    1.06000	    0.94000;
	32	 2	 59.0	 23.0	 0.0	 0.0	 1	    1.04237	  -25.50527	 138.0	 1	    1.06000	    0.94000;
	33	 1	 23.0	 9.0	 0.0	 0.0	 1	    1.04644	  -29.68162	 138.0	 1	    1.06000	    0.94000;
	34	 2	 59.0	 26.0	 0.0	 14.0	 1	    1.05778	  -27.89210	 138.0	 1	    1.06000	    0.94000;
	35	 1	 33.0	 9.0	 0.0	 0.0	 1	    1.05520	  -28.29644	 138.0	 1	    1.06000	    0.94000;
	36	 2	 31.0	 17.0	 0.0	 0.0	 1	    1.05573	  -28.30939	 138.0	 1	    1.06000	    0.94000;
	37	 1	 0.0	 0.0	 0.0	 -25.0	 1	    1.06000	  -27.43883	 138.0	 1	    1.06000	    0.94000;
	38	 1	 0.0	 0.0	 0.0	 0.0	 1	    1.00987	  -23.06837	 345.0	 1	    1.06000	    0.94000;
	39	 1	 27.0	 11.0	 0.0	 0.0	 1	    1.03406	  -29.51071	 138.0	 1	    1.06000	    0.94000;
	40	 2	 66.0	 23.0	 0.0	 0.0	 1	    1.02955	  -29.93475	 138.0	 1	    1.06000	    0.94000;
	41	 1	 37.0	 10.0	 0.0	 0.0	 1	    1.01753	  -29.82669	 138.0	 1	    1.06000	    0.94000;
	42	 2	 96.0	 23.0	 0.0	 0.0	 1	    1.01048	  -26.89922	 138.0	 1	    1.06000	    0.94000;
	43	 1	 18.0	 7.0	 0.0	 0.0	 1	    1.02859	  -26.30123	 138.0	 1	    1.06000	    0.94000;
	44	 1	 16.0	 8.0	 0.0	 10.0	 1	    1.00459	  -21.44764	 138.0	 1	    1.06000	    0.94000;
	45	 1	 53.0	 22.0	 0.0	 10.0	 1	    0.99623	  -18.70226	 138.0	 1	    1.06000	    0.94000;
	46	 2	 28.0	 10.0	 0.0	 10.0	 1	    1.01237	  -15.56027	 138.0	 1	    1.06000	    0.94000;
	47	 1	 34.0	 0.0	 0.0	 0.0	 1	    1.01989	  -12.03968	 138.0	 1	    1.06000	    0.94000;
	48	 1	 20.0	 11.0	 0.0	 15.0	 1	    1.02066	  -13.14950	 138.0	 1	    1.06000	    0.94000;
	49	 2	 87.0	 30.0	 0.0	 0.0	 1	    1.02345	  -11.88028	 138.0	 1	    1.06000	    0.94000;
	50	 1	 17.0	 4.0	 0.0	 0.0	 1	    1.01156	  -15.08472	 138.0	 1	    1.06000	    0.94000;
	51	 1	 17.0	 8.0	 0.0	 0.0	 1	    0.99402	  -19.08809	 138.0	 1	    1.06000	    0.94000;
	52	 1	 18.0	 5.0	 0.0	 0.0	 1	    0.98853	  -20.39105	 138.0	 1	    1.06000	    0.94000;
	53	 1	 23.0	 11.0	 0.0	 0.0	 1	    0.99169	  -22.32186	 138.0	 1	    1.06000	    0.94000;
	54	 2	 113.0	 32.0	 0.0	 0.0	 1	    1.01050	  -22.22377	 138.0	 1	    1.06000	    0.94000;
	55	 2	 63.0	 22.0	 0.0	 0.0	 1	    1.01069	  -22.58342	 138.0	 1	    1.06000	    0.94000;
	56	 2	 84.0	 18.0	 0.0	 0.0	 1	    1.00998	  -22.28686	 138.0	 1	    1.06000	    0.94000;
	57	 1	 12.0	 3.0	 0.0	 0.0	 1	    1.00629	  -19.64626	 138.0	 1	    1.06000	    0.94000;
	58	 1	 12.0	 3.0	 0.0	 0.0	 1	    0.99831	  -20.74147	 138.0	 1	    1.06000	    0.94000;
	59	 2	 277.0	 113.0	 0.0	 0.0	 1	    1.04826	  -20.05965	 138.0	 1	    1.06000	    0.94000;
	60	 1	 78.0	 3.0	 0.0	 0.0	 1	    1.05499	  -15.24337	 138.0	 1	    1.06000	    0.94000;
	61	 2	 0.0	 0.0	 0.0	 0.0	 1	    1.06000	  -14.62807	 138.0	 1	    1.06000	    0.94000;
	62	 2	 77.0	 14.0	 0.0	 0.0	 1	    1.04640	  -13.67879	 138.0	 1	    1.06000	    0.94000;
	63	 1	 0.0	 0.0	 0.0	 0.0	 1	    1.01784	  -15.42528	 345.0	 1	    1.06000	    0.94000;
	64	 1	 0.0	 0.0	 0.0	 0.0	 1	    1.02888	  -12.90817	 345.0	 1	    1.06000	    0.94000;
	65	 2	 0.0	 0.0	 0.0	 0.0	 1	    1.02959	   -6.98728	 345.0	 1	    1.06000	    0.94000;
	66	 2	 39.0	 18.0	 0.0	 0.0	 1	    1.06000	   -3.10148	 138.0	 1	    1.06000	    0.94000;
	67	 1	 28.0	 7.0	 0.0	 0.0	 1	    1.04390	   -8.75187	 138.0	 1	    1.06000	    0.94000;
	68	 1	 0.0	 0.0	 0.0	 0.0	 1	    1.02038	   -5.70070	 345.0	 1	    1.06000	    0.94000;
	69	 3	 0.0	 0.0	 0.0	 0.0	 1	    1.06000	    0.00000	 138.0	 1	    1.06000	    0.94000;
	70	 2	 66.0	 20.0	 0.0	 0.0	 1	    1.03177	  -10.12542	 138.0	 1	    1.06000	    0.94000;
	71	 1	 0.0	 0.0	 0.0	 0.0	 1	    1.03552	  -11.02514	 138.0	 1	    1.06000	    0.94000;
	72	 2	 12.0	 0.0	 0.0	 0.0	 1	    1.04425	  -14.74685	 138.0	 1	    1.06000	    0.94000;
	73	 2	 6.0	 0.0	 0.0	 0.0	 1	    1.03746	  -11.19628	 138.0	 1	    1.06000	    0.94000;
	74	 2	 68.0	 27.0	 0.0	 12.0	 1	    1.01054	  -10.61032	 138.0	 1	    1.06000	    0.94000;
	75	 1	 47.0	 11.0	 0.0	 0.0	 1	    1.01401	   -9.24198	 138.0	 1	    1.06000	    0.94000;
