%%%%%%%%%%%%%%%%%%%%%%%%%%%%%%%%%%%%%%%%%%%%%%%%%%%%%%%%%%%%%%%%%%%%%%%%%%%
%%%%                                                                  %%%%%
%%%%      NICTA Energy System Test Case Archive (NESTA) - v0.1.5      %%%%%
%%%%            Optimal Power Flow - Active Power Increase            %%%%%
%%%%                       30 - October - 2014                        %%%%%
%%%%                                                                  %%%%%
%%%%%%%%%%%%%%%%%%%%%%%%%%%%%%%%%%%%%%%%%%%%%%%%%%%%%%%%%%%%%%%%%%%%%%%%%%%
function mpc = nesta_case30_fsr__api
mpc.version = '2';
mpc.baseMVA = 100.0;

%% area data
%	area	refbus
mpc.areas = [
	1	 8;
	2	 23;
	3	 26;
];

%% bus data
%	bus_i	type	Pd	Qd	Gs	Bs	area	Vm	Va	baseKV	zone	Vmax	Vmin
mpc.bus = [
	1	 3	 0.00	 0.00	 0.0	 0.0	 1	     1.0000	     0.0000	 135.0	 1	     1.0500	     0.9500;
	2	 2	 23.73	 12.70	 0.0	 0.0	 1	     1.0000	     0.0000	 135.0	 1	     1.1000	     0.9500;
	3	 1	 2.62	 1.20	 0.0	 0.0	 1	     1.0000	     0.0000	 135.0	 1	     1.0500	     0.9500;
	4	 1	 8.31	 1.60	 0.0	 0.0	 1	     1.0000	     0.0000	 135.0	 1	     1.0500	     0.9500;
	5	 1	 0.00	 0.00	 0.0	 0.19	 1	     1.0000	     0.0000	 135.0	 1	     1.0500	     0.9500;
	6	 1	 0.00	 0.00	 0.0	 0.0	 1	     1.0000	     0.0000	 135.0	 1	     1.0500	     0.9500;
	7	 1	 24.93	 10.90	 0.0	 0.0	 1	     1.0000	     0.0000	 135.0	 1	     1.0500	     0.9500;
	8	 1	 32.80	 30.00	 0.0	 0.0	 1	     1.0000	     0.0000	 135.0	 1	     1.0500	     0.9500;
	9	 1	 0.00	 0.00	 0.0	 0.0	 1	     1.0000	     0.0000	 135.0	 1	     1.0500	     0.9500;
	10	 1	 6.34	 2.00	 0.0	 0.0	 3	     1.0000	     0.0000	 135.0	 1	     1.0500	     0.9500;
	11	 1	 0.00	 0.00	 0.0	 0.0	 1	     1.0000	     0.0000	 135.0	 1	     1.0500	     0.9500;
	12	 1	 12.25	 7.50	 0.0	 0.0	 2	     1.0000	     0.0000	 135.0	 1	     1.0500	     0.9500;
	13	 2	 0.00	 0.00	 0.0	 0.0	 2	     1.0000	     0.0000	 135.0	 1	     1.1000	     0.9500;
	14	 1	 6.78	 1.60	 0.0	 0.0	 2	     1.0000	     0.0000	 135.0	 1	     1.0500	     0.9500;
	15	 1	 8.97	 2.50	 0.0	 0.0	 2	     1.0000	     0.0000	 135.0	 1	     1.0500	     0.9500;
	16	 1	 3.83	 1.80	 0.0	 0.0	 2	     1.0000	     0.0000	 135.0	 1	     1.0500	     0.9500;
	17	 1	 9.84	 5.80	 0.0	 0.0	 2	     1.0000	     0.0000	 135.0	 1	     1.0500	     0.9500;
	18	 1	 3.50	 0.90	 0.0	 0.0	 2	     1.0000	     0.0000	 135.0	 1	     1.0500	     0.9500;
	19	 1	 10.39	 3.40	 0.0	 0.0	 2	     1.0000	     0.0000	 135.0	 1	     1.0500	     0.9500;
	20	 1	 2.41	 0.70	 0.0	 0.0	 2	     1.0000	     0.0000	 135.0	 1	     1.0500	     0.9500;
	21	 1	 19.14	 11.20	 0.0	 0.0	 3	     1.0000	     0.0000	 135.0	 1	     1.0500	     0.9500;
	22	 2	 0.00	 0.00	 0.0	 0.0	 3	     1.0000	     0.0000	 135.0	 1	     1.1000	     0.9500;
	23	 2	 3.50	 1.60	 0.0	 0.0	 2	     1.0000	     0.0000	 135.0	 1	     1.1000	     0.9500;
	24	 1	 9.51	 6.70	 0.0	 0.04	 3	     1.0000	     0.0000	 135.0	 1	     1.0500	     0.9500;
	25	 1	 0.00	 0.00	 0.0	 0.0	 3	     1.0000	     0.0000	 135.0	 1	     1.0500	     0.9500;
	26	 1	 3.83	 2.30	 0.0	 0.0	 3	     1.0000	     0.0000	 135.0	 1	     1.0500	     0.9500;
	27	 2	 0.00	 0.00	 0.0	 0.0	 3	     1.0000	     0.0000	 135.0	 1	     1.1000	     0.9500;
	28	 1	 0.00	 0.00	 0.0	 0.0	 1	     1.0000	     0.0000	 135.0	 1	     1.0500	     0.9500;
	29	 1	 2.62	 0.90	 0.0	 0.0	 3	     1.0000	     0.0000	 135.0	 1	     1.0500	     0.9500;
	30	 1	 11.59	 1.90	 0.0	 0.0	 3	     1.0000	     0.0000	 135.0	 1	     1.0500	     0.9500;
];

%% generator data
%	bus	Pg	Qg	Qmax	Qmin	Vg	mBase	status	Pmax	Pmin	Pc1	Pc2	Qc1min	Qc1max	Qc2min	Qc2max	ramp_agc	ramp_10	ramp_30	ramp_q	apf
mpc.gen = [
	1	 59.0	 142.0	 250.0	 -170.4	 1.0	 100.0	 1	 231	 0.0	 0.0	 0.0	 0.0	 0.0	 0.0	 0.0	 0.0	 0.0	 0.0	 0.0	 0.0; % NG
	2	 0.0	 -133.0	 159.6	 -159.6	 1.0	 100.0	 1	 81	 0.0	 0.0	 0.0	 0.0	 0.0	 0.0	 0.0	 0.0	 0.0	 0.0	 0.0	 0.0; % NG
	22	 24.0	 25.0	 80.0	 -30.0	 1.0	 100.0	 1	 34	 0.0	 0.0	 0.0	 0.0	 0.0	 0.0	 0.0	 0.0	 0.0	 0.0	 0.0	 0.0; % NG
	27	 53.0	 31.0	 128.0	 -128.0	 1.0	 100.0	 1	 256	 0.0	 0.0	 0.0	 0.0	 0.0	 0.0	 0.0	 0.0	 0.0	 0.0	 0.0	 0.0; % NG
	23	 28.0	 14.0	 50.0	 -25.0	 1.0	 100.0	 1	 50	 0.0	 0.0	 0.0	 0.0	 0.0	 0.0	 0.0	 0.0	 0.0	 0.0	 0.0	 0.0; % PEL
	13	 51.0	 41.0	 84.0	 -84.0	 1.0	 100.0	 1	 167	 0.0	 0.0	 0.0	 0.0	 0.0	 0.0	 0.0	 0.0	 0.0	 0.0	 0.0	 0.0; % NG
];

%% generator cost data
%	2	startup	shutdown	n	c(n-1)	...	c0
mpc.gencost = [
	2	 0.0	 0.0	 3	   0.000000	   0.921004	   0.000000; % NG
	2	 0.0	 0.0	 3	   0.000000	   1.279805	   0.000000; % NG
	2	 0.0	 0.0	 3	   0.000000	   1.202104	   0.000000; % NG
	2	 0.0	 0.0	 3	   0.000000	   1.195014	   0.000000; % NG
	2	 0.0	 0.0	 3	   0.000000	   6.892848	   0.000000; % PEL
	2	 0.0	 0.0	 3	   0.000000	   0.986613	   0.000000; % NG
];

%% branch data
%	fbus	tbus	r	x	b	rateA	rateB	rateC	ratio	angle	status	angmin	angmax
mpc.branch = [
	1	 2	 0.0192	 0.0575	 0.0264	 130.0	 130.0	 130.0	 0.0	 0.0	 1	 -30.0	 30.0;
	1	 3	 0.0452	 0.1852	 0.0204	 130.0	 130.0	 130.0	 0.0	 0.0	 1	 -30.0	 30.0;
	2	 4	 0.057	 0.1737	 0.0184	 65.0	 65.0	 65.0	 0.0	 0.0	 1	 -30.0	 30.0;
	3	 4	 0.0132	 0.0379	 0.0042	 130.0	 130.0	 130.0	 0.0	 0.0	 1	 -30.0	 30.0;
	2	 5	 0.0472	 0.1983	 0.0209	 130.0	 130.0	 130.0	 0.0	 0.0	 1	 -30.0	 30.0;
	2	 6	 0.0581	 0.1763	 0.0187	 65.0	 65.0	 65.0	 0.0	 0.0	 1	 -30.0	 30.0;
	4	 6	 0.0119	 0.0414	 0.0045	 90.0	 90.0	 90.0	 0.0	 0.0	 1	 -30.0	 30.0;
	5	 7	 0.046	 0.116	 0.0102	 70.0	 70.0	 70.0	 0.0	 0.0	 1	 -30.0	 30.0;
	6	 7	 0.0267	 0.082	 0.0085	 130.0	 130.0	 130.0	 0.0	 0.0	 1	 -30.0	 30.0;
	6	 8	 0.012	 0.042	 0.0045	 32.0	 32.0	 32.0	 0.0	 0.0	 1	 -30.0	 30.0;
	6	 9	 0.0	 0.208	 0.0	 65.0	 65.0	 65.0	 0.0	 0.0	 1	 -30.0	 30.0;
	6	 10	 0.0	 0.556	 0.0	 32.0	 32.0	 32.0	 0.0	 0.0	 1	 -30.0	 30.0;
	9	 11	 0.0	 0.208	 0.0	 65.0	 65.0	 65.0	 0.0	 0.0	 1	 -30.0	 30.0;
	9	 10	 0.0	 0.11	 0.0	 65.0	 65.0	 65.0	 0.0	 0.0	 1	 -30.0	 30.0;
	4	 12	 0.0	 0.256	 0.0	 65.0	 65.0	 65.0	 0.0	 0.0	 1	 -30.0	 30.0;
	12	 13	 0.0	 0.14	 0.0	 65.0	 65.0	 65.0	 0.0	 0.0	 1	 -30.0	 30.0;
	12	 14	 0.1231	 0.2559	 0.0	 32.0	 32.0	 32.0	 0.0	 0.0	 1	 -30.0	 30.0;
	12	 15	 0.0662	 0.1304	 0.0	 32.0	 32.0	 32.0	 0.0	 0.0	 1	 -30.0	 30.0;
	12	 16	 0.0945	 0.1987	 0.0	 32.0	 32.0	 32.0	 0.0	 0.0	 1	 -30.0	 30.0;
	14	 15	 0.221	 0.1997	 0.0	 16.0	 16.0	 16.0	 0.0	 0.0	 1	 -30.0	 30.0;
	16	 17	 0.0824	 0.1932	 0.0	 16.0	 16.0	 16.0	 0.0	 0.0	 1	 -30.0	 30.0;
	15	 18	 0.107	 0.2185	 0.0	 16.0	 16.0	 16.0	 0.0	 0.0	 1	 -30.0	 30.0;
	18	 19	 0.0639	 0.1292	 0.0	 16.0	 16.0	 16.0	 0.0	 0.0	 1	 -30.0	 30.0;
	19	 20	 0.034	 0.068	 0.0	 32.0	 32.0	 32.0	 0.0	 0.0	 1	 -30.0	 30.0;
	10	 20	 0.0936	 0.209	 0.0	 32.0	 32.0	 32.0	 0.0	 0.0	 1	 -30.0	 30.0;
	10	 17	 0.0324	 0.0845	 0.0	 32.0	 32.0	 32.0	 0.0	 0.0	 1	 -30.0	 30.0;
	10	 21	 0.0348	 0.0749	 0.0	 32.0	 32.0	 32.0	 0.0	 0.0	 1	 -30.0	 30.0;
	10	 22	 0.0727	 0.1499	 0.0	 32.0	 32.0	 32.0	 0.0	 0.0	 1	 -30.0	 30.0;
	21	 22	 0.0116	 0.0236	 0.0	 32.0	 32.0	 32.0	 0.0	 0.0	 1	 -30.0	 30.0;
	15	 23	 0.1	 0.202	 0.0	 16.0	 16.0	 16.0	 0.0	 0.0	 1	 -30.0	 30.0;
	22	 24	 0.115	 0.179	 0.0	 16.0	 16.0	 16.0	 0.0	 0.0	 1	 -30.0	 30.0;
	23	 24	 0.132	 0.27	 0.0	 16.0	 16.0	 16.0	 0.0	 0.0	 1	 -30.0	 30.0;
	24	 25	 0.1885	 0.3292	 0.0	 16.0	 16.0	 16.0	 0.0	 0.0	 1	 -30.0	 30.0;
	25	 26	 0.2544	 0.38	 0.0	 16.0	 16.0	 16.0	 0.0	 0.0	 1	 -30.0	 30.0;
	25	 27	 0.1093	 0.2087	 0.0	 16.0	 16.0	 16.0	 0.0	 0.0	 1	 -30.0	 30.0;
	28	 27	 0.0	 0.396	 0.0	 65.0	 65.0	 65.0	 0.0	 0.0	 1	 -30.0	 30.0;
	27	 29	 0.2198	 0.4153	 0.0	 16.0	 16.0	 16.0	 0.0	 0.0	 1	 -30.0	 30.0;
	27	 30	 0.3202	 0.6027	 0.0	 16.0	 16.0	 16.0	 0.0	 0.0	 1	 -30.0	 30.0;
	29	 30	 0.2399	 0.4533	 0.0	 16.0	 16.0	 16.0	 0.0	 0.0	 1	 -30.0	 30.0;
	8	 28	 0.0636	 0.2	 0.0214	 32.0	 32.0	 32.0	 0.0	 0.0	 1	 -30.0	 30.0;
	6	 28	 0.0169	 0.0599	 0.0065	 32.0	 32.0	 32.0	 0.0	 0.0	 1	 -30.0	 30.0;
];
