%%%%%%%%%%%%%%%%%%%%%%%%%%%%%%%%%%%%%%%%%%%%%%%%%%%%%%%%%%%%%%%%%%%%%%%%%%%
%%%%                                                                  %%%%%
%%%%      NICTA Energy System Test Case Archive (NESTA) - v0.1.5      %%%%%
%%%%            Optimal Power Flow - Active Power Increase            %%%%%
%%%%                       30 - October - 2014                        %%%%%
%%%%                                                                  %%%%%
%%%%%%%%%%%%%%%%%%%%%%%%%%%%%%%%%%%%%%%%%%%%%%%%%%%%%%%%%%%%%%%%%%%%%%%%%%%
function mpc = nesta_case57_ieee__api
mpc.version = '2';
mpc.baseMVA = 100.0;

%% bus data
%	bus_i	type	Pd	Qd	Gs	Bs	area	Vm	Va	baseKV	zone	Vmax	Vmin
mpc.bus = [
	1	 3	 63.42	 17.00	 0.0	 0.0	 1	     1.0400	     0.0000	 0.0	 1	     1.0600	     0.9400;
	2	 2	 3.46	 88.00	 0.0	 0.0	 1	     1.0100	    -1.1800	 0.0	 1	     1.0600	     0.9400;
	3	 2	 47.28	 21.00	 0.0	 0.0	 1	     0.9850	    -5.9700	 0.0	 1	     1.0600	     0.9400;
	4	 1	 0.00	 0.00	 0.0	 0.0	 1	     0.9810	    -7.3200	 0.0	 1	     1.0600	     0.9400;
	5	 1	 14.99	 4.00	 0.0	 0.0	 1	     0.9760	    -8.5200	 0.0	 1	     1.0600	     0.9400;
	6	 2	 86.49	 2.00	 0.0	 0.0	 1	     0.9800	    -8.6500	 0.0	 1	     1.0600	     0.9400;
	7	 1	 0.00	 0.00	 0.0	 0.0	 1	     0.9840	    -7.5800	 0.0	 1	     1.0600	     0.9400;
	8	 2	 172.98	 22.00	 0.0	 0.0	 1	     1.0050	    -4.4500	 0.0	 1	     1.0600	     0.9400;
	9	 2	 139.53	 26.00	 0.0	 0.0	 1	     0.9800	    -9.5600	 0.0	 1	     1.0600	     0.9400;
	10	 1	 5.77	 2.00	 0.0	 0.0	 1	     0.9860	   -11.4300	 0.0	 1	     1.0600	     0.9400;
	11	 1	 0.00	 0.00	 0.0	 0.0	 1	     0.9740	   -10.1700	 0.0	 1	     1.0600	     0.9400;
	12	 2	 434.75	 24.00	 0.0	 0.0	 1	     1.0150	   -10.4600	 0.0	 1	     1.0600	     0.9400;
	13	 1	 20.76	 2.30	 0.0	 0.0	 1	     0.9790	    -9.7900	 0.0	 1	     1.0600	     0.9400;
	14	 1	 12.11	 5.30	 0.0	 0.0	 1	     0.9700	    -9.3300	 0.0	 1	     1.0600	     0.9400;
	15	 1	 25.37	 5.00	 0.0	 0.0	 1	     0.9880	    -7.1800	 0.0	 1	     1.0600	     0.9400;
	16	 1	 49.59	 3.00	 0.0	 0.0	 1	     1.0130	    -8.8500	 0.0	 1	     1.0600	     0.9400;
	17	 1	 48.43	 8.00	 0.0	 0.0	 1	     1.0170	    -5.3900	 0.0	 1	     1.0600	     0.9400;
	18	 1	 31.37	 9.80	 0.0	 10.0	 1	     1.0010	   -11.7100	 0.0	 1	     1.0600	     0.9400;
	19	 1	 3.81	 0.60	 0.0	 0.0	 1	     0.9700	   -13.2000	 0.0	 1	     1.0600	     0.9400;
	20	 1	 2.65	 1.00	 0.0	 0.0	 1	     0.9640	   -13.4100	 0.0	 1	     1.0600	     0.9400;
	21	 1	 0.00	 0.00	 0.0	 0.0	 1	     1.0080	   -12.8900	 0.0	 1	     1.0600	     0.9400;
	22	 1	 0.00	 0.00	 0.0	 0.0	 1	     1.0100	   -12.8400	 0.0	 1	     1.0600	     0.9400;
	23	 1	 7.27	 2.10	 0.0	 0.0	 1	     1.0080	   -12.9100	 0.0	 1	     1.0600	     0.9400;
	24	 1	 0.00	 0.00	 0.0	 0.0	 1	     0.9990	   -13.2500	 0.0	 1	     1.0600	     0.9400;
	25	 1	 7.27	 3.20	 0.0	 5.9	 1	     0.9820	   -18.1300	 0.0	 1	     1.0600	     0.9400;
	26	 1	 0.00	 0.00	 0.0	 0.0	 1	     0.9590	   -12.9500	 0.0	 1	     1.0600	     0.9400;
	27	 1	 10.72	 0.50	 0.0	 0.0	 1	     0.9820	   -11.4800	 0.0	 1	     1.0600	     0.9400;
	28	 1	 5.30	 2.30	 0.0	 0.0	 1	     0.9970	   -10.4500	 0.0	 1	     1.0600	     0.9400;
	29	 1	 19.60	 2.60	 0.0	 0.0	 1	     1.0100	    -9.7500	 0.0	 1	     1.0600	     0.9400;
	30	 1	 4.15	 1.80	 0.0	 0.0	 1	     0.9620	   -18.6800	 0.0	 1	     1.0600	     0.9400;
	31	 1	 6.69	 2.90	 0.0	 0.0	 1	     0.9360	   -19.3400	 0.0	 1	     1.0600	     0.9400;
	32	 1	 1.85	 0.80	 0.0	 0.0	 1	     0.9490	   -18.4600	 0.0	 1	     1.0600	     0.9400;
	33	 1	 4.38	 1.90	 0.0	 0.0	 1	     0.9470	   -18.5000	 0.0	 1	     1.0600	     0.9400;
	34	 1	 0.00	 0.00	 0.0	 0.0	 1	     0.9590	   -14.1000	 0.0	 1	     1.0600	     0.9400;
	35	 1	 6.92	 3.00	 0.0	 0.0	 1	     0.9660	   -13.8600	 0.0	 1	     1.0600	     0.9400;
	36	 1	 0.00	 0.00	 0.0	 0.0	 1	     0.9760	   -13.5900	 0.0	 1	     1.0600	     0.9400;
	37	 1	 0.00	 0.00	 0.0	 0.0	 1	     0.9850	   -13.4100	 0.0	 1	     1.0600	     0.9400;
	38	 1	 16.14	 7.00	 0.0	 0.0	 1	     1.0130	   -12.7100	 0.0	 1	     1.0600	     0.9400;
	39	 1	 0.00	 0.00	 0.0	 0.0	 1	     0.9830	   -13.4600	 0.0	 1	     1.0600	     0.9400;
	40	 1	 0.00	 0.00	 0.0	 0.0	 1	     0.9730	   -13.6200	 0.0	 1	     1.0600	     0.9400;
	41	 1	 7.27	 3.00	 0.0	 0.0	 1	     0.9960	   -14.0500	 0.0	 1	     1.0600	     0.9400;
	42	 1	 8.19	 4.40	 0.0	 0.0	 1	     0.9660	   -15.5000	 0.0	 1	     1.0600	     0.9400;
	43	 1	 2.31	 1.00	 0.0	 0.0	 1	     1.0100	   -11.3300	 0.0	 1	     1.0600	     0.9400;
	44	 1	 13.84	 1.80	 0.0	 0.0	 1	     1.0170	   -11.8600	 0.0	 1	     1.0600	     0.9400;
	45	 1	 0.00	 0.00	 0.0	 0.0	 1	     1.0360	    -9.2500	 0.0	 1	     1.0600	     0.9400;
	46	 1	 0.00	 0.00	 0.0	 0.0	 1	     1.0500	   -11.8900	 0.0	 1	     1.0600	     0.9400;
	47	 1	 34.25	 11.60	 0.0	 0.0	 1	     1.0330	   -12.4900	 0.0	 1	     1.0600	     0.9400;
	48	 1	 0.00	 0.00	 0.0	 0.0	 1	     1.0270	   -12.5900	 0.0	 1	     1.0600	     0.9400;
	49	 1	 20.76	 8.50	 0.0	 0.0	 1	     1.0360	   -12.9200	 0.0	 1	     1.0600	     0.9400;
	50	 1	 24.22	 10.50	 0.0	 0.0	 1	     1.0230	   -13.3900	 0.0	 1	     1.0600	     0.9400;
	51	 1	 20.76	 5.30	 0.0	 0.0	 1	     1.0520	   -12.5200	 0.0	 1	     1.0600	     0.9400;
	52	 1	 5.65	 2.20	 0.0	 0.0	 1	     0.9800	   -11.4700	 0.0	 1	     1.0600	     0.9400;
	53	 1	 23.06	 10.00	 0.0	 6.3	 1	     0.9710	   -12.2300	 0.0	 1	     1.0600	     0.9400;
	54	 1	 4.73	 1.40	 0.0	 0.0	 1	     0.9960	   -11.6900	 0.0	 1	     1.0600	     0.9400;
	55	 1	 7.84	 3.40	 0.0	 0.0	 1	     1.0310	   -10.7800	 0.0	 1	     1.0600	     0.9400;
	56	 1	 8.76	 2.20	 0.0	 0.0	 1	     0.9680	   -16.0400	 0.0	 1	     1.0600	     0.9400;
	57	 1	 7.73	 2.00	 0.0	 0.0	 1	     0.9650	   -16.5600	 0.0	 1	     1.0600	     0.9400;
];

%% generator data
%	bus	Pg	Qg	Qmax	Qmin	Vg	mBase	status	Pmax	Pmin	Pc1	Pc2	Qc1min	Qc1max	Qc2min	Qc2max	ramp_agc	ramp_10	ramp_30	ramp_q	apf
mpc.gen = [
	1	 1.0	 -44.0	 141.0	 -140.0	 1.04	 100.0	 1	 2	 0.0	 0.0	 0.0	 0.0	 0.0	 0.0	 0.0	 0.0	 0.0	 0.0	 0.0	 0.0; % COW
	2	 0.0	 -11.0	 50.0	 -17.0	 1.01	 100.0	 1	 0	 0.0	 0.0	 0.0	 0.0	 0.0	 0.0	 0.0	 0.0	 0.0	 0.0	 0.0	 0.0; % SYNC
	3	 587.0	 86.0	 332.0	 -332.0	 0.985	 100.0	 1	 663	 0.0	 0.0	 0.0	 0.0	 0.0	 0.0	 0.0	 0.0	 0.0	 0.0	 0.0	 0.0; % NG
	6	 0.0	 97.0	 116.4	 -116.4	 0.98	 100.0	 1	 0	 0.0	 0.0	 0.0	 0.0	 0.0	 0.0	 0.0	 0.0	 0.0	 0.0	 0.0	 0.0; % SYNC
	8	 460.0	 45.0	 293.0	 -293.0	 1.005	 100.0	 1	 586	 0.0	 0.0	 0.0	 0.0	 0.0	 0.0	 0.0	 0.0	 0.0	 0.0	 0.0	 0.0; % NG
	9	 0.0	 32.0	 38.4	 -38.4	 0.98	 100.0	 1	 0	 0.0	 0.0	 0.0	 0.0	 0.0	 0.0	 0.0	 0.0	 0.0	 0.0	 0.0	 0.0; % SYNC
	12	 441.0	 159.0	 249.0	 -249.0	 1.015	 100.0	 1	 498	 0.0	 0.0	 0.0	 0.0	 0.0	 0.0	 0.0	 0.0	 0.0	 0.0	 0.0	 0.0; % NG
];

%% generator cost data
%	2	startup	shutdown	n	c(n-1)	...	c0
mpc.gencost = [
	2	 0.0	 0.0	 3	   0.000000	   0.759510	   0.000000; % COW
	2	 0.0	 0.0	 3	   0.000000	   0.000000	   0.000000; % SYNC
	2	 0.0	 0.0	 3	   0.000000	   0.879823	   0.000000; % NG
	2	 0.0	 0.0	 3	   0.000000	   0.000000	   0.000000; % SYNC
	2	 0.0	 0.0	 3	   0.000000	   1.092701	   0.000000; % NG
	2	 0.0	 0.0	 3	   0.000000	   0.000000	   0.000000; % SYNC
	2	 0.0	 0.0	 3	   0.000000	   0.984369	   0.000000; % NG
];

%% branch data
%	fbus	tbus	r	x	b	rateA	rateB	rateC	ratio	angle	status	angmin	angmax
