%%%%%%%%%%%%%%%%%%%%%%%%%%%%%%%%%%%%%%%%%%%%%%%%%%%%%%%%%%%%%%%%%%%%%%%%%%%
%%%%                                                                  %%%%%
%%%%      NICTA Energy System Test Case Archive (NESTA) - v0.1.5      %%%%%
%%%%              Optimal Power Flow - Typical Operation              %%%%%
%%%%                       30 - October - 2014                        %%%%%
%%%%                                                                  %%%%%
%%%%%%%%%%%%%%%%%%%%%%%%%%%%%%%%%%%%%%%%%%%%%%%%%%%%%%%%%%%%%%%%%%%%%%%%%%%
% 
%   Reduced UK network
%   It is reduced model of GB network available here:
%
%   Reference:
%   [1] GB SQSS Reviw working group report. [Online]
%       http://www.nationalgrid.com/uk/Electricity/Codes/gbsqsscode/workinggroups/intgeneration/
%
%   Acknowledgement:
%      Thanks to Manolis Belivanis, Strathclyde University for pointing out the
%      source of data and helping out with details.
%      Please cite Manolis and Strathclyde if you are using this data set
%
%   W. A. Bukhsh, October 2012
%   send your questions and comments to : wbukhsh@gmail.com
%
function mpc = nesta_case29_edin
mpc.version = '2';
mpc.baseMVA = 100.0;

%% area data
%	area	refbus
mpc.areas = [
	1	 1;
];

%% bus data
%	bus_i	type	Pd	Qd	Gs	Bs	area	Vm	Va	baseKV	zone	Vmax	Vmin
mpc.bus = [
	1	 2	 468.0	 102.0	 0.0	 0.0	 1	     1.0000	     0.0000	 275.0	 1	     1.1000	     0.9000;
	2	 2	 513.0	 113.0	 0.0	 0.0	 1	     1.0000	     0.0000	 275.0	 1	     1.1000	     0.9000;
	3	 2	 555.0	 105.0	 0.0	 0.0	 1	     1.0000	     0.0000	 132.0	 1	     1.1000	     0.9000;
	4	 2	 1308.0	 317.0	 0.0	 0.0	 1	     1.0000	     0.0000	 275.0	 1	     1.1000	     0.9000;
	5	 2	 502.0	 128.0	 0.0	 0.0	 1	     1.0000	     0.0000	 400.0	 1	     1.1000	     0.9000;
	6	 2	 1176.0	 315.0	 0.0	 0.0	 1	     1.0000	     0.0000	 400.0	 1	     1.1000	     0.9000;
	7	 2	 745.0	 171.0	 0.0	 0.0	 1	     1.0000	     0.0000	 400.0	 1	     1.1000	     0.9000;
	8	 1	 117.5	 37.4	 0.0	 0.0	 1	     1.0000	     0.0000	 400.0	 1	     1.1000	     0.9000;
	9	 1	 130.0	 53.0	 0.0	 0.0	 1	     1.0000	     0.0000	 400.0	 1	     1.1000	     0.9000;
	10	 2	 2561.0	 465.0	 0.0	 0.0	 1	     1.0000	     0.0000	 400.0	 1	     1.1000	     0.9000;
	11	 2	 3360.0	 760.0	 0.0	 0.0	 1	     1.0000	     0.0000	 400.0	 1	     1.1000	     0.9000;
	12	 2	 1189.0	 338.0	 0.0	 0.0	 1	     1.0000	     0.0000	 400.0	 1	     1.1000	     0.9000;
	13	 1	 2524.0	 766.0	 0.0	 0.0	 1	     1.0000	     0.0000	 400.0	 1	     1.1000	     0.9000;
	14	 1	 1831.0	 566.5	 0.0	 0.0	 1	     1.0000	     0.0000	 400.0	 1	     1.1000	     0.9000;
	15	 2	 2633.0	 694.6	 0.0	 0.0	 1	     1.0000	     0.0000	 400.0	 1	     1.1000	     0.9000;
	16	 2	 1607.0	 655.0	 0.0	 0.0	 1	     1.0000	     0.0000	 400.0	 1	     1.1000	     0.9000;
	17	 2	 1081.0	 371.0	 0.0	 0.0	 1	     1.0000	     0.0000	 400.0	 1	     1.1000	     0.9000;
	18	 2	 5362.0	 1935.0	 0.0	 0.0	 1	     1.0000	     0.0000	 400.0	 1	     1.1000	     0.9000;
	19	 2	 2019.0	 648.0	 0.0	 0.0	 1	     1.0000	     0.0000	 400.0	 1	     1.1000	     0.9000;
	20	 2	 1027.36	 305.8	 0.0	 0.0	 1	     1.0000	     0.0000	 400.0	 1	     1.1000	     0.9000;
	21	 2	 702.0	 202.2	 0.0	 0.0	 1	     1.0000	     0.0000	 400.0	 1	     1.1000	     0.9000;
	22	 2	 1820.0	 665.0	 0.0	 0.0	 1	     1.0000	     0.0000	 400.0	 1	     1.1000	     0.9000;
	23	 2	 4734.0	 1337.0	 0.0	 0.0	 1	     1.0000	     0.0000	 400.0	 1	     1.1000	     0.9000;
	24	 1	 1418.0	 528.0	 0.0	 0.0	 1	     1.0000	     0.0000	 400.0	 1	     1.1000	     0.9000;
	25	 2	 9734.0	 2902.0	 0.0	 0.0	 1	     1.0000	     0.0000	 400.0	 1	     1.1000	     0.9000;
	26	 2	 1424.0	 434.0	 0.0	 0.0	 1	     1.0000	     0.0000	 400.0	 1	     1.1000	     0.9000;
	27	 3	 457.0	 138.0	 0.0	 0.0	 1	     1.0000	     0.0000	 400.0	 1	     1.1000	     0.9000;
	28	 2	 2751.0	 841.0	 0.0	 0.0	 1	     1.0000	     0.0000	 400.0	 1	     1.1000	     0.9000;
	29	 2	 2577.0	 356.0	 0.0	 0.0	 1	     1.0000	     0.0000	 400.0	 1	     1.1000	     0.9000;
];

%% generator data
%	bus	Pg	Qg	Qmax	Qmin	Vg	mBase	status	Pmax	Pmin	Pc1	Pc2	Qc1min	Qc1max	Qc2min	Qc2max	ramp_agc	ramp_10	ramp_30	ramp_q	apf
