%%%%%%%%%%%%%%%%%%%%%%%%%%%%%%%%%%%%%%%%%%%%%%%%%%%%%%%%%%%%%%%%%%%%%%%%%%%
%%%%                                                                  %%%%%
%%%%      NICTA Energy System Test Case Archive (NESTA) - v0.1.5      %%%%%
%%%%              Optimal Power Flow - Typical Operation              %%%%%
%%%%                       30 - October - 2014                        %%%%%
%%%%                                                                  %%%%%
%%%%%%%%%%%%%%%%%%%%%%%%%%%%%%%%%%%%%%%%%%%%%%%%%%%%%%%%%%%%%%%%%%%%%%%%%%%
%
%   Power flow data for 30 bus, 6 generator case.
%
%   Based on data from:
%     Alsac, O. & Stott, B., "Optimal Load Flow with Steady State Security",
%     IEEE Transactions on Power Apparatus and Systems, Vol. PAS 93, No. 3,
%     1974, pp. 745-751.
%   
%   The generation MVA limit is used for Q upper bounds
%   Shunts assumed to be in real value (not p.u. as specified in the paper)
%   
%   Additional modifications based on:
%     Ferrero, R.W., Shahidehpour, S.M., Ramesh, V.C., "Transaction analysis
%     in deregulated power systems using game theory", IEEE Transactions on
%     Power Systems, Vol. 12, No. 3, Aug 1997, pp. 1340-1347.
%
%   Generators moved to match Figure 3
%   Removed load at bus 5 (Figure 3)
%   Costs and Generator bounds updated to Table 1
%   
%
function mpc = nesta_case30_fsr
mpc.version = '2';
mpc.baseMVA = 100.0;

%% area data
%	area	refbus
mpc.areas = [
	1	 8;
	2	 23;
	3	 26;
];

%% bus data
%	bus_i	type	Pd	Qd	Gs	Bs	area	Vm	Va	baseKV	zone	Vmax	Vmin
mpc.bus = [
	1	 3	 0.0	 0.0	 0.0	 0.0	 1	     1.0000	     0.0000	 135.0	 1	     1.0500	     0.9500;
	2	 2	 21.7	 12.7	 0.0	 0.0	 1	     1.0000	     0.0000	 135.0	 1	     1.1000	     0.9500;
	3	 1	 2.4	 1.2	 0.0	 0.0	 1	     1.0000	     0.0000	 135.0	 1	     1.0500	     0.9500;
	4	 1	 7.6	 1.6	 0.0	 0.0	 1	     1.0000	     0.0000	 135.0	 1	     1.0500	     0.9500;
	5	 1	 0.0	 0.0	 0.0	 0.19	 1	     1.0000	     0.0000	 135.0	 1	     1.0500	     0.9500;
	6	 1	 0.0	 0.0	 0.0	 0.0	 1	     1.0000	     0.0000	 135.0	 1	     1.0500	     0.9500;
	7	 1	 22.8	 10.9	 0.0	 0.0	 1	     1.0000	     0.0000	 135.0	 1	     1.0500	     0.9500;
	8	 1	 30.0	 30.0	 0.0	 0.0	 1	     1.0000	     0.0000	 135.0	 1	     1.0500	     0.9500;
	9	 1	 0.0	 0.0	 0.0	 0.0	 1	     1.0000	     0.0000	 135.0	 1	     1.0500	     0.9500;
	10	 1	 5.8	 2.0	 0.0	 0.0	 3	     1.0000	     0.0000	 135.0	 1	     1.0500	     0.9500;
	11	 1	 0.0	 0.0	 0.0	 0.0	 1	     1.0000	     0.0000	 135.0	 1	     1.0500	     0.9500;
	12	 1	 11.2	 7.5	 0.0	 0.0	 2	     1.0000	     0.0000	 135.0	 1	     1.0500	     0.9500;
	13	 2	 0.0	 0.0	 0.0	 0.0	 2	     1.0000	     0.0000	 135.0	 1	     1.1000	     0.9500;
	14	 1	 6.2	 1.6	 0.0	 0.0	 2	     1.0000	     0.0000	 135.0	 1	     1.0500	     0.9500;
	15	 1	 8.2	 2.5	 0.0	 0.0	 2	     1.0000	     0.0000	 135.0	 1	     1.0500	     0.9500;
	16	 1	 3.5	 1.8	 0.0	 0.0	 2	     1.0000	     0.0000	 135.0	 1	     1.0500	     0.9500;
	17	 1	 9.0	 5.8	 0.0	 0.0	 2	     1.0000	     0.0000	 135.0	 1	     1.0500	     0.9500;
	18	 1	 3.2	 0.9	 0.0	 0.0	 2	     1.0000	     0.0000	 135.0	 1	     1.0500	     0.9500;
	19	 1	 9.5	 3.4	 0.0	 0.0	 2	     1.0000	     0.0000	 135.0	 1	     1.0500	     0.9500;
	20	 1	 2.2	 0.7	 0.0	 0.0	 2	     1.0000	     0.0000	 135.0	 1	     1.0500	     0.9500;
	21	 1	 17.5	 11.2	 0.0	 0.0	 3	     1.0000	     0.0000	 135.0	 1	     1.0500	     0.9500;
	22	 2	 0.0	 0.0	 0.0	 0.0	 3	     1.0000	     0.0000	 135.0	 1	     1.1000	     0.9500;
	23	 2	 3.2	 1.6	 0.0	 0.0	 2	     1.0000	     0.0000	 135.0	 1	     1.1000	     0.9500;
	24	 1	 8.7	 6.7	 0.0	 0.04	 3	     1.0000	     0.0000	 135.0	 1	     1.0500	     0.9500;
	25	 1	 0.0	 0.0	 0.0	 0.0	 3	     1.0000	     0.0000	 135.0	 1	     1.0500	     0.9500;
	26	 1	 3.5	 2.3	 0.0	 0.0	 3	     1.0000	     0.0000	 135.0	 1	     1.0500	     0.9500;
	27	 2	 0.0	 0.0	 0.0	 0.0	 3	     1.0000	     0.0000	 135.0	 1	     1.1000	     0.9500;
	28	 1	 0.0	 0.0	 0.0	 0.0	 1	     1.0000	     0.0000	 135.0	 1	     1.0500	     0.9500;
	29	 1	 2.4	 0.9	 0.0	 0.0	 3	     1.0000	     0.0000	 135.0	 1	     1.0500	     0.9500;
	30	 1	 10.6	 1.9	 0.0	 0.0	 3	     1.0000	     0.0000	 135.0	 1	     1.0500	     0.9500;
];

%% generator data
%	bus	Pg	Qg	Qmax	Qmin	Vg	mBase	status	Pmax	Pmin	Pc1	Pc2	Qc1min	Qc1max	Qc2min	Qc2max	ramp_agc	ramp_10	ramp_30	ramp_q	apf
mpc.gen = [
	1	 23.54	 0.0	 250.0	 -20.0	 1.0	 100.0	 1	 80.0	 0.0	 0.0	 0.0	 0.0	 0.0	 0.0	 0.0	 0.0	 0.0	 0.0	 0.0	 0.0;
	2	 60.97	 0.0	 100.0	 -20.0	 1.0	 100.0	 1	 80.0	 0.0	 0.0	 0.0	 0.0	 0.0	 0.0	 0.0	 0.0	 0.0	 0.0	 0.0	 0.0;
	22	 21.59	 0.0	 80.0	 -15.0	 1.0	 100.0	 1	 50.0	 0.0	 0.0	 0.0	 0.0	 0.0	 0.0	 0.0	 0.0	 0.0	 0.0	 0.0	 0.0;
	27	 26.91	 0.0	 60.0	 -15.0	 1.0	 100.0	 1	 55.0	 0.0	 0.0	 0.0	 0.0	 0.0	 0.0	 0.0	 0.0	 0.0	 0.0	 0.0	 0.0;
	23	 19.2	 0.0	 50.0	 -10.0	 1.0	 100.0	 1	 30.0	 0.0	 0.0	 0.0	 0.0	 0.0	 0.0	 0.0	 0.0	 0.0	 0.0	 0.0	 0.0;
	13	 37.0	 0.0	 60.0	 -15.0	 1.0	 100.0	 1	 40.0	 0.0	 0.0	 0.0	 0.0	 0.0	 0.0	 0.0	 0.0	 0.0	 0.0	 0.0	 0.0;
];

%% generator cost data
%	2	startup	shutdown	n	c(n-1)	...	c0
mpc.gencost = [
	2	 0.0	 0.0	 3	   0.020000	   2.000000	   0.000000;
	2	 0.0	 0.0	 3	   0.017500	   1.750000	   0.000000;
	2	 0.0	 0.0	 3	   0.062500	   1.000000	   0.000000;
	2	 0.0	 0.0	 3	   0.008340	   3.250000	   0.000000;
	2	 0.0	 0.0	 3	   0.025000	   3.000000	   0.000000;
	2	 0.0	 0.0	 3	   0.025000	   3.000000	   0.000000;
];

%% branch data
%	fbus	tbus	r	x	b	rateA	rateB	rateC	ratio	angle	status	angmin	angmax
