%%%%%%%%%%%%%%%%%%%%%%%%%%%%%%%%%%%%%%%%%%%%%%%%%%%%%%%%%%%%%%%%%%%%%%%%%%%
%%%%                                                                  %%%%%
%%%%      NICTA Energy System Test Case Archive (NESTA) - v0.1.5      %%%%%
%%%%              Optimal Power Flow - Typical Operation              %%%%%
%%%%                       30 - October - 2014                        %%%%%
%%%%                                                                  %%%%%
%%%%%%%%%%%%%%%%%%%%%%%%%%%%%%%%%%%%%%%%%%%%%%%%%%%%%%%%%%%%%%%%%%%%%%%%%%%
%
%   Power flow data for IEEE 57 bus test case.
%   This data was converted from IEEE Common Data Format
%   (ieee57cdf.txt) on 20-Sep-2004 by cdf2matp, rev. 1.11
%
%   Converted from IEEE CDF file from:
%       http://www.ee.washington.edu/research/pstca/
%
%   Manually modified Qmax, Qmin on generator 1 to 200, -140, respectively.
%   
%   CDF Header:
%   08/25/93 UW ARCHIVE           100.0  1961 W IEEE 57 Bus Test Case
%   
function mpc = nesta_case57_ieee
mpc.version = '2';
mpc.baseMVA = 100.0;

%% bus data
%	bus_i	type	Pd	Qd	Gs	Bs	area	Vm	Va	baseKV	zone	Vmax	Vmin
mpc.bus = [
	1	 3	 55.0	 17.0	 0.0	 0.0	 1	     1.0400	     0.0000	 0.0	 1	     1.0600	     0.9400;
	2	 2	 3.0	 88.0	 0.0	 0.0	 1	     1.0100	    -1.1800	 0.0	 1	     1.0600	     0.9400;
	3	 2	 41.0	 21.0	 0.0	 0.0	 1	     0.9850	    -5.9700	 0.0	 1	     1.0600	     0.9400;
	4	 1	 0.0	 0.0	 0.0	 0.0	 1	     0.9810	    -7.3200	 0.0	 1	     1.0600	     0.9400;
	5	 1	 13.0	 4.0	 0.0	 0.0	 1	     0.9760	    -8.5200	 0.0	 1	     1.0600	     0.9400;
	6	 2	 75.0	 2.0	 0.0	 0.0	 1	     0.9800	    -8.6500	 0.0	 1	     1.0600	     0.9400;
	7	 1	 0.0	 0.0	 0.0	 0.0	 1	     0.9840	    -7.5800	 0.0	 1	     1.0600	     0.9400;
	8	 2	 150.0	 22.0	 0.0	 0.0	 1	     1.0050	    -4.4500	 0.0	 1	     1.0600	     0.9400;
	9	 2	 121.0	 26.0	 0.0	 0.0	 1	     0.9800	    -9.5600	 0.0	 1	     1.0600	     0.9400;
	10	 1	 5.0	 2.0	 0.0	 0.0	 1	     0.9860	   -11.4300	 0.0	 1	     1.0600	     0.9400;
	11	 1	 0.0	 0.0	 0.0	 0.0	 1	     0.9740	   -10.1700	 0.0	 1	     1.0600	     0.9400;
	12	 2	 377.0	 24.0	 0.0	 0.0	 1	     1.0150	   -10.4600	 0.0	 1	     1.0600	     0.9400;
	13	 1	 18.0	 2.3	 0.0	 0.0	 1	     0.9790	    -9.7900	 0.0	 1	     1.0600	     0.9400;
	14	 1	 10.5	 5.3	 0.0	 0.0	 1	     0.9700	    -9.3300	 0.0	 1	     1.0600	     0.9400;
	15	 1	 22.0	 5.0	 0.0	 0.0	 1	     0.9880	    -7.1800	 0.0	 1	     1.0600	     0.9400;
	16	 1	 43.0	 3.0	 0.0	 0.0	 1	     1.0130	    -8.8500	 0.0	 1	     1.0600	     0.9400;
	17	 1	 42.0	 8.0	 0.0	 0.0	 1	     1.0170	    -5.3900	 0.0	 1	     1.0600	     0.9400;
	18	 1	 27.2	 9.8	 0.0	 10.0	 1	     1.0010	   -11.7100	 0.0	 1	     1.0600	     0.9400;
	19	 1	 3.3	 0.6	 0.0	 0.0	 1	     0.9700	   -13.2000	 0.0	 1	     1.0600	     0.9400;
	20	 1	 2.3	 1.0	 0.0	 0.0	 1	     0.9640	   -13.4100	 0.0	 1	     1.0600	     0.9400;
	21	 1	 0.0	 0.0	 0.0	 0.0	 1	     1.0080	   -12.8900	 0.0	 1	     1.0600	     0.9400;
	22	 1	 0.0	 0.0	 0.0	 0.0	 1	     1.0100	   -12.8400	 0.0	 1	     1.0600	     0.9400;
	23	 1	 6.3	 2.1	 0.0	 0.0	 1	     1.0080	   -12.9100	 0.0	 1	     1.0600	     0.9400;
	24	 1	 0.0	 0.0	 0.0	 0.0	 1	     0.9990	   -13.2500	 0.0	 1	     1.0600	     0.9400;
	25	 1	 6.3	 3.2	 0.0	 5.9	 1	     0.9820	   -18.1300	 0.0	 1	     1.0600	     0.9400;
	26	 1	 0.0	 0.0	 0.0	 0.0	 1	     0.9590	   -12.9500	 0.0	 1	     1.0600	     0.9400;
	27	 1	 9.3	 0.5	 0.0	 0.0	 1	     0.9820	   -11.4800	 0.0	 1	     1.0600	     0.9400;
	28	 1	 4.6	 2.3	 0.0	 0.0	 1	     0.9970	   -10.4500	 0.0	 1	     1.0600	     0.9400;
	29	 1	 17.0	 2.6	 0.0	 0.0	 1	     1.0100	    -9.7500	 0.0	 1	     1.0600	     0.9400;
	30	 1	 3.6	 1.8	 0.0	 0.0	 1	     0.9620	   -18.6800	 0.0	 1	     1.0600	     0.9400;
	31	 1	 5.8	 2.9	 0.0	 0.0	 1	     0.9360	   -19.3400	 0.0	 1	     1.0600	     0.9400;
	32	 1	 1.6	 0.8	 0.0	 0.0	 1	     0.9490	   -18.4600	 0.0	 1	     1.0600	     0.9400;
	33	 1	 3.8	 1.9	 0.0	 0.0	 1	     0.9470	   -18.5000	 0.0	 1	     1.0600	     0.9400;
	34	 1	 0.0	 0.0	 0.0	 0.0	 1	     0.9590	   -14.1000	 0.0	 1	     1.0600	     0.9400;
	35	 1	 6.0	 3.0	 0.0	 0.0	 1	     0.9660	   -13.8600	 0.0	 1	     1.0600	     0.9400;
	36	 1	 0.0	 0.0	 0.0	 0.0	 1	     0.9760	   -13.5900	 0.0	 1	     1.0600	     0.9400;
	37	 1	 0.0	 0.0	 0.0	 0.0	 1	     0.9850	   -13.4100	 0.0	 1	     1.0600	     0.9400;
	38	 1	 14.0	 7.0	 0.0	 0.0	 1	     1.0130	   -12.7100	 0.0	 1	     1.0600	     0.9400;
	39	 1	 0.0	 0.0	 0.0	 0.0	 1	     0.9830	   -13.4600	 0.0	 1	     1.0600	     0.9400;
	40	 1	 0.0	 0.0	 0.0	 0.0	 1	     0.9730	   -13.6200	 0.0	 1	     1.0600	     0.9400;
	41	 1	 6.3	 3.0	 0.0	 0.0	 1	     0.9960	   -14.0500	 0.0	 1	     1.0600	     0.9400;
	42	 1	 7.1	 4.4	 0.0	 0.0	 1	     0.9660	   -15.5000	 0.0	 1	     1.0600	     0.9400;
	43	 1	 2.0	 1.0	 0.0	 0.0	 1	     1.0100	   -11.3300	 0.0	 1	     1.0600	     0.9400;
	44	 1	 12.0	 1.8	 0.0	 0.0	 1	     1.0170	   -11.8600	 0.0	 1	     1.0600	     0.9400;
	45	 1	 0.0	 0.0	 0.0	 0.0	 1	     1.0360	    -9.2500	 0.0	 1	     1.0600	     0.9400;
	46	 1	 0.0	 0.0	 0.0	 0.0	 1	     1.0500	   -11.8900	 0.0	 1	     1.0600	     0.9400;
	47	 1	 29.7	 11.6	 0.0	 0.0	 1	     1.0330	   -12.4900	 0.0	 1	     1.0600	     0.9400;
	48	 1	 0.0	 0.0	 0.0	 0.0	 1	     1.0270	   -12.5900	 0.0	 1	     1.0600	     0.9400;
	49	 1	 18.0	 8.5	 0.0	 0.0	 1	     1.0360	   -12.9200	 0.0	 1	     1.0600	     0.9400;
	50	 1	 21.0	 10.5	 0.0	 0.0	 1	     1.0230	   -13.3900	 0.0	 1	     1.0600	     0.9400;
	51	 1	 18.0	 5.3	 0.0	 0.0	 1	     1.0520	   -12.5200	 0.0	 1	     1.0600	     0.9400;
	52	 1	 4.9	 2.2	 0.0	 0.0	 1	     0.9800	   -11.4700	 0.0	 1	     1.0600	     0.9400;
	53	 1	 20.0	 10.0	 0.0	 6.3	 1	     0.9710	   -12.2300	 0.0	 1	     1.0600	     0.9400;
	54	 1	 4.1	 1.4	 0.0	 0.0	 1	     0.9960	   -11.6900	 0.0	 1	     1.0600	     0.9400;
	55	 1	 6.8	 3.4	 0.0	 0.0	 1	     1.0310	   -10.7800	 0.0	 1	     1.0600	     0.9400;
	56	 1	 7.6	 2.2	 0.0	 0.0	 1	     0.9680	   -16.0400	 0.0	 1	     1.0600	     0.9400;
	57	 1	 6.7	 2.0	 0.0	 0.0	 1	     0.9650	   -16.5600	 0.0	 1	     1.0600	     0.9400;
];

%% generator data
%	bus	Pg	Qg	Qmax	Qmin	Vg	mBase	status	Pmax	Pmin	Pc1	Pc2	Qc1min	Qc1max	Qc2min	Qc2max	ramp_agc	ramp_10	ramp_30	ramp_q	apf
mpc.gen = [
	1	 128.9	 -16.1	 141.0	 -140.0	 1.04	 100.0	 1	 282	 0.0	 0.0	 0.0	 0.0	 0.0	 0.0	 0.0	 0.0	 0.0	 0.0	 0.0	 0.0; % COW
	2	 0.0	 -0.8	 50.0	 -17.0	 1.01	 100.0	 1	 0	 0.0	 0.0	 0.0	 0.0	 0.0	 0.0	 0.0	 0.0	 0.0	 0.0	 0.0	 0.0; % SYNC
	3	 40.0	 -1.0	 31.0	 -10.0	 0.985	 100.0	 1	 61	 0.0	 0.0	 0.0	 0.0	 0.0	 0.0	 0.0	 0.0	 0.0	 0.0	 0.0	 0.0; % NG
	6	 0.0	 0.8	 25.0	 -8.0	 0.98	 100.0	 1	 0	 0.0	 0.0	 0.0	 0.0	 0.0	 0.0	 0.0	 0.0	 0.0	 0.0	 0.0	 0.0; % SYNC
	8	 450.0	 62.1	 200.0	 -140.0	 1.005	 100.0	 1	 510	 0.0	 0.0	 0.0	 0.0	 0.0	 0.0	 0.0	 0.0	 0.0	 0.0	 0.0	 0.0; % COW
	9	 0.0	 2.2	 9.0	 -3.0	 0.98	 100.0	 1	 0	 0.0	 0.0	 0.0	 0.0	 0.0	 0.0	 0.0	 0.0	 0.0	 0.0	 0.0	 0.0; % SYNC
	12	 310.0	 128.5	 155.0	 -150.0	 1.015	 100.0	 1	 524	 0.0	 0.0	 0.0	 0.0	 0.0	 0.0	 0.0	 0.0	 0.0	 0.0	 0.0	 0.0; % NG
];

%% generator cost data
%	2	startup	shutdown	n	c(n-1)	...	c0
mpc.gencost = [
	2	 0.0	 0.0	 3	   0.000000	   0.750694	   0.000000; % COW
	2	 0.0	 0.0	 3	   0.000000	   0.000000	   0.000000; % SYNC
	2	 0.0	 0.0	 3	   0.000000	   0.836961	   0.000000; % NG
	2	 0.0	 0.0	 3	   0.000000	   0.000000	   0.000000; % SYNC
	2	 0.0	 0.0	 3	   0.000000	   1.172038	   0.000000; % COW
	2	 0.0	 0.0	 3	   0.000000	   0.000000	   0.000000; % SYNC
	2	 0.0	 0.0	 3	   0.000000	   0.787329	   0.000000; % NG
];

%% branch data
%	fbus	tbus	r	x	b	rateA	rateB	rateC	ratio	angle	status	angmin	angmax
