%%%%%%%%%%%%%%%%%%%%%%%%%%%%%%%%%%%%%%%%%%%%%%%%%%%%%%%%%%%%%%%%%%%%%%%%%%%
%%%%                                                                  %%%%%
%%%%      NICTA Energy System Test Case Archive (NESTA) - v0.1.5      %%%%%
%%%%              Optimal Power Flow - Typical Operation              %%%%%
%%%%                       30 - October - 2014                        %%%%%
%%%%                                                                  %%%%%
%%%%%%%%%%%%%%%%%%%%%%%%%%%%%%%%%%%%%%%%%%%%%%%%%%%%%%%%%%%%%%%%%%%%%%%%%%%
%
%   Power flow data for IEEE 118 bus test case.
%   Please see CASEFORMAT for details on the case file format.
%   (ieee118cdf.txt) on 20-Sep-2004 by cdf2matp, rev. 1.11
%
%   Converted from IEEE CDF file from:
%       http://www.ee.washington.edu/research/pstca/
%   
%   With base_kV data take from the PSAP format file from the same site,
%   added manually on 10-Mar-2006.
%
%   CDF Header:
%   08/25/93 UW ARCHIVE           100.0  1961 W IEEE 118 Bus Test Case
%
function mpc = nesta_case118_ieee
mpc.version = '2';
mpc.baseMVA = 100.0;

%% bus data
%	bus_i	type	Pd	Qd	Gs	Bs	area	Vm	Va	baseKV	zone	Vmax	Vmin
mpc.bus = [
	1	 2	 51.0	 27.0	 0.0	 0.0	 1	     0.9550	    10.6700	 138.0	 1	     1.0600	     0.9400;
	2	 1	 20.0	 9.0	 0.0	 0.0	 1	     0.9710	    11.2200	 138.0	 1	     1.0600	     0.9400;
	3	 1	 39.0	 10.0	 0.0	 0.0	 1	     0.9680	    11.5600	 138.0	 1	     1.0600	     0.9400;
	4	 2	 39.0	 12.0	 0.0	 0.0	 1	     0.9980	    15.2800	 138.0	 1	     1.0600	     0.9400;
	5	 1	 0.0	 0.0	 0.0	 -40.0	 1	     1.0020	    15.7300	 138.0	 1	     1.0600	     0.9400;
	6	 2	 52.0	 22.0	 0.0	 0.0	 1	     0.9900	    13.0000	 138.0	 1	     1.0600	     0.9400;
	7	 1	 19.0	 2.0	 0.0	 0.0	 1	     0.9890	    12.5600	 138.0	 1	     1.0600	     0.9400;
	8	 2	 28.0	 0.0	 0.0	 0.0	 1	     1.0150	    20.7700	 345.0	 1	     1.0600	     0.9400;
	9	 1	 0.0	 0.0	 0.0	 0.0	 1	     1.0430	    28.0200	 345.0	 1	     1.0600	     0.9400;
	10	 2	 0.0	 0.0	 0.0	 0.0	 1	     1.0500	    35.6100	 345.0	 1	     1.0600	     0.9400;
	11	 1	 70.0	 23.0	 0.0	 0.0	 1	     0.9850	    12.7200	 138.0	 1	     1.0600	     0.9400;
	12	 2	 47.0	 10.0	 0.0	 0.0	 1	     0.9900	    12.2000	 138.0	 1	     1.0600	     0.9400;
	13	 1	 34.0	 16.0	 0.0	 0.0	 1	     0.9680	    11.3500	 138.0	 1	     1.0600	     0.9400;
	14	 1	 14.0	 1.0	 0.0	 0.0	 1	     0.9840	    11.5000	 138.0	 1	     1.0600	     0.9400;
	15	 2	 90.0	 30.0	 0.0	 0.0	 1	     0.9700	    11.2300	 138.0	 1	     1.0600	     0.9400;
	16	 1	 25.0	 10.0	 0.0	 0.0	 1	     0.9840	    11.9100	 138.0	 1	     1.0600	     0.9400;
	17	 1	 11.0	 3.0	 0.0	 0.0	 1	     0.9950	    13.7400	 138.0	 1	     1.0600	     0.9400;
	18	 2	 60.0	 34.0	 0.0	 0.0	 1	     0.9730	    11.5300	 138.0	 1	     1.0600	     0.9400;
	19	 2	 45.0	 25.0	 0.0	 0.0	 1	     0.9630	    11.0500	 138.0	 1	     1.0600	     0.9400;
	20	 1	 18.0	 3.0	 0.0	 0.0	 1	     0.9580	    11.9300	 138.0	 1	     1.0600	     0.9400;
	21	 1	 14.0	 8.0	 0.0	 0.0	 1	     0.9590	    13.5200	 138.0	 1	     1.0600	     0.9400;
	22	 1	 10.0	 5.0	 0.0	 0.0	 1	     0.9700	    16.0800	 138.0	 1	     1.0600	     0.9400;
	23	 1	 7.0	 3.0	 0.0	 0.0	 1	     1.0000	    21.0000	 138.0	 1	     1.0600	     0.9400;
	24	 2	 13.0	 0.0	 0.0	 0.0	 1	     0.9920	    20.8900	 138.0	 1	     1.0600	     0.9400;
	25	 2	 0.0	 0.0	 0.0	 0.0	 1	     1.0500	    27.9300	 138.0	 1	     1.0600	     0.9400;
	26	 2	 0.0	 0.0	 0.0	 0.0	 1	     1.0150	    29.7100	 345.0	 1	     1.0600	     0.9400;
	27	 2	 71.0	 13.0	 0.0	 0.0	 1	     0.9680	    15.3500	 138.0	 1	     1.0600	     0.9400;
	28	 1	 17.0	 7.0	 0.0	 0.0	 1	     0.9620	    13.6200	 138.0	 1	     1.0600	     0.9400;
	29	 1	 24.0	 4.0	 0.0	 0.0	 1	     0.9630	    12.6300	 138.0	 1	     1.0600	     0.9400;
	30	 1	 0.0	 0.0	 0.0	 0.0	 1	     0.9680	    18.7900	 345.0	 1	     1.0600	     0.9400;
	31	 2	 43.0	 27.0	 0.0	 0.0	 1	     0.9670	    12.7500	 138.0	 1	     1.0600	     0.9400;
	32	 2	 59.0	 23.0	 0.0	 0.0	 1	     0.9640	    14.8000	 138.0	 1	     1.0600	     0.9400;
	33	 1	 23.0	 9.0	 0.0	 0.0	 1	     0.9720	    10.6300	 138.0	 1	     1.0600	     0.9400;
	34	 2	 59.0	 26.0	 0.0	 14.0	 1	     0.9860	    11.3000	 138.0	 1	     1.0600	     0.9400;
	35	 1	 33.0	 9.0	 0.0	 0.0	 1	     0.9810	    10.8700	 138.0	 1	     1.0600	     0.9400;
	36	 2	 31.0	 17.0	 0.0	 0.0	 1	     0.9800	    10.8700	 138.0	 1	     1.0600	     0.9400;
	37	 1	 0.0	 0.0	 0.0	 -25.0	 1	     0.9920	    11.7700	 138.0	 1	     1.0600	     0.9400;
	38	 1	 0.0	 0.0	 0.0	 0.0	 1	     0.9620	    16.9100	 345.0	 1	     1.0600	     0.9400;
	39	 1	 27.0	 11.0	 0.0	 0.0	 1	     0.9700	     8.4100	 138.0	 1	     1.0600	     0.9400;
	40	 2	 66.0	 23.0	 0.0	 0.0	 1	     0.9700	     7.3500	 138.0	 1	     1.0600	     0.9400;
	41	 1	 37.0	 10.0	 0.0	 0.0	 1	     0.9670	     6.9200	 138.0	 1	     1.0600	     0.9400;
	42	 2	 96.0	 23.0	 0.0	 0.0	 1	     0.9850	     8.5300	 138.0	 1	     1.0600	     0.9400;
	43	 1	 18.0	 7.0	 0.0	 0.0	 1	     0.9780	    11.2800	 138.0	 1	     1.0600	     0.9400;
	44	 1	 16.0	 8.0	 0.0	 10.0	 1	     0.9850	    13.8200	 138.0	 1	     1.0600	     0.9400;
	45	 1	 53.0	 22.0	 0.0	 10.0	 1	     0.9870	    15.6700	 138.0	 1	     1.0600	     0.9400;
	46	 2	 28.0	 10.0	 0.0	 10.0	 1	     1.0050	    18.4900	 138.0	 1	     1.0600	     0.9400;
	47	 1	 34.0	 0.0	 0.0	 0.0	 1	     1.0170	    20.7300	 138.0	 1	     1.0600	     0.9400;
	48	 1	 20.0	 11.0	 0.0	 15.0	 1	     1.0210	    19.9300	 138.0	 1	     1.0600	     0.9400;
	49	 2	 87.0	 30.0	 0.0	 0.0	 1	     1.0250	    20.9400	 138.0	 1	     1.0600	     0.9400;
	50	 1	 17.0	 4.0	 0.0	 0.0	 1	     1.0010	    18.9000	 138.0	 1	     1.0600	     0.9400;
	51	 1	 17.0	 8.0	 0.0	 0.0	 1	     0.9670	    16.2800	 138.0	 1	     1.0600	     0.9400;
	52	 1	 18.0	 5.0	 0.0	 0.0	 1	     0.9570	    15.3200	 138.0	 1	     1.0600	     0.9400;
	53	 1	 23.0	 11.0	 0.0	 0.0	 1	     0.9460	    14.3500	 138.0	 1	     1.0600	     0.9400;
	54	 2	 113.0	 32.0	 0.0	 0.0	 1	     0.9550	    15.2600	 138.0	 1	     1.0600	     0.9400;
	55	 2	 63.0	 22.0	 0.0	 0.0	 1	     0.9520	    14.9700	 138.0	 1	     1.0600	     0.9400;
	56	 2	 84.0	 18.0	 0.0	 0.0	 1	     0.9540	    15.1600	 138.0	 1	     1.0600	     0.9400;
	57	 1	 12.0	 3.0	 0.0	 0.0	 1	     0.9710	    16.3600	 138.0	 1	     1.0600	     0.9400;
	58	 1	 12.0	 3.0	 0.0	 0.0	 1	     0.9590	    15.5100	 138.0	 1	     1.0600	     0.9400;
	59	 2	 277.0	 113.0	 0.0	 0.0	 1	     0.9850	    19.3700	 138.0	 1	     1.0600	     0.9400;
	60	 1	 78.0	 3.0	 0.0	 0.0	 1	     0.9930	    23.1500	 138.0	 1	     1.0600	     0.9400;
	61	 2	 0.0	 0.0	 0.0	 0.0	 1	     0.9950	    24.0400	 138.0	 1	     1.0600	     0.9400;
	62	 2	 77.0	 14.0	 0.0	 0.0	 1	     0.9980	    23.4300	 138.0	 1	     1.0600	     0.9400;
	63	 1	 0.0	 0.0	 0.0	 0.0	 1	     0.9690	    22.7500	 345.0	 1	     1.0600	     0.9400;
	64	 1	 0.0	 0.0	 0.0	 0.0	 1	     0.9840	    24.5200	 345.0	 1	     1.0600	     0.9400;
	65	 2	 0.0	 0.0	 0.0	 0.0	 1	     1.0050	    27.6500	 345.0	 1	     1.0600	     0.9400;
	66	 2	 39.0	 18.0	 0.0	 0.0	 1	     1.0500	    27.4800	 138.0	 1	     1.0600	     0.9400;
	67	 1	 28.0	 7.0	 0.0	 0.0	 1	     1.0200	    24.8400	 138.0	 1	     1.0600	     0.9400;
	68	 1	 0.0	 0.0	 0.0	 0.0	 1	     1.0030	    27.5500	 345.0	 1	     1.0600	     0.9400;
	69	 3	 0.0	 0.0	 0.0	 0.0	 1	     1.0350	    30.0000	 138.0	 1	     1.0600	     0.9400;
	70	 2	 66.0	 20.0	 0.0	 0.0	 1	     0.9840	    22.5800	 138.0	 1	     1.0600	     0.9400;
	71	 1	 0.0	 0.0	 0.0	 0.0	 1	     0.9870	    22.1500	 138.0	 1	     1.0600	     0.9400;
	72	 2	 12.0	 0.0	 0.0	 0.0	 1	     0.9800	    20.9800	 138.0	 1	     1.0600	     0.9400;
	73	 2	 6.0	 0.0	 0.0	 0.0	 1	     0.9910	    21.9400	 138.0	 1	     1.0600	     0.9400;
	74	 2	 68.0	 27.0	 0.0	 12.0	 1	     0.9580	    21.6400	 138.0	 1	     1.0600	     0.9400;
	75	 1	 47.0	 11.0	 0.0	 0.0	 1	     0.9670	    22.9100	 138.0	 1	     1.0600	     0.9400;
