%%%%%%%%%%%%%%%%%%%%%%%%%%%%%%%%%%%%%%%%%%%%%%%%%%%%%%%%%%%%%%%%%%%%%%%%%%%
%%%%                                                                  %%%%%
%%%%      NICTA Energy System Test Case Archive (NESTA) - v0.1.5      %%%%%
%%%%              Optimal Power Flow - Typical Operation              %%%%%
%%%%                       30 - October - 2014                        %%%%%
%%%%                                                                  %%%%%
%%%%%%%%%%%%%%%%%%%%%%%%%%%%%%%%%%%%%%%%%%%%%%%%%%%%%%%%%%%%%%%%%%%%%%%%%%%
%
%   Power flow data for the IEEE RELIABILITY TEST SYSTEM 1979.
%
%   IEEE Reliability Test System Task Force of the Applications of
%   Probability Methods Subcommittee, "IEEE reliability test system,"
%   IEEE Transactions on Power Apparatus and Systems, Vol. 98, No. 6,
%   Nov./Dec. 1979, pp. 2047-2054.
%
%   Cost data is from Web site run by Georgia Tech Power Systems Control
%   and Automation Laboratory:
%       http://pscal.ece.gatech.edu/testsys/index.html
%
%   Matpower case file data provided by Bruce Wollenberg.
%
function mpc = nesta_case24_ieee_rts
mpc.version = '2';
mpc.baseMVA = 100.0;

%% area data
%	area	refbus
mpc.areas = [
	1	 1;
	2	 3;
	3	 8;
	4	 6;
];

%% bus data
%	bus_i	type	Pd	Qd	Gs	Bs	area	Vm	Va	baseKV	zone	Vmax	Vmin
mpc.bus = [
	1	 2	 108.0	 22.0	 0.0	 0.0	 1	     1.0000	     0.0000	 138.0	 1	     1.0500	     0.9500;
	2	 2	 97.0	 20.0	 0.0	 0.0	 1	     1.0000	     0.0000	 138.0	 1	     1.0500	     0.9500;
	3	 1	 180.0	 37.0	 0.0	 0.0	 1	     1.0000	     0.0000	 138.0	 1	     1.0500	     0.9500;
	4	 1	 74.0	 15.0	 0.0	 0.0	 1	     1.0000	     0.0000	 138.0	 1	     1.0500	     0.9500;
	5	 1	 71.0	 14.0	 0.0	 0.0	 1	     1.0000	     0.0000	 138.0	 1	     1.0500	     0.9500;
	6	 1	 136.0	 28.0	 0.0	 -100.0	 2	     1.0000	     0.0000	 138.0	 1	     1.0500	     0.9500;
	7	 2	 125.0	 25.0	 0.0	 0.0	 2	     1.0000	     0.0000	 138.0	 1	     1.0500	     0.9500;
	8	 1	 171.0	 35.0	 0.0	 0.0	 2	     1.0000	     0.0000	 138.0	 1	     1.0500	     0.9500;
	9	 1	 175.0	 36.0	 0.0	 0.0	 1	     1.0000	     0.0000	 138.0	 1	     1.0500	     0.9500;
	10	 1	 195.0	 40.0	 0.0	 0.0	 2	     1.0000	     0.0000	 138.0	 1	     1.0500	     0.9500;
	11	 1	 0.0	 0.0	 0.0	 0.0	 3	     1.0000	     0.0000	 230.0	 1	     1.0500	     0.9500;
	12	 1	 0.0	 0.0	 0.0	 0.0	 3	     1.0000	     0.0000	 230.0	 1	     1.0500	     0.9500;
	13	 3	 265.0	 54.0	 0.0	 0.0	 3	     1.0000	     0.0000	 230.0	 1	     1.0500	     0.9500;
	14	 2	 194.0	 39.0	 0.0	 0.0	 3	     1.0000	     0.0000	 230.0	 1	     1.0500	     0.9500;
	15	 2	 317.0	 64.0	 0.0	 0.0	 4	     1.0000	     0.0000	 230.0	 1	     1.0500	     0.9500;
	16	 2	 100.0	 20.0	 0.0	 0.0	 4	     1.0000	     0.0000	 230.0	 1	     1.0500	     0.9500;
	17	 1	 0.0	 0.0	 0.0	 0.0	 4	     1.0000	     0.0000	 230.0	 1	     1.0500	     0.9500;
	18	 2	 333.0	 68.0	 0.0	 0.0	 4	     1.0000	     0.0000	 230.0	 1	     1.0500	     0.9500;
	19	 1	 181.0	 37.0	 0.0	 0.0	 3	     1.0000	     0.0000	 230.0	 1	     1.0500	     0.9500;
	20	 1	 128.0	 26.0	 0.0	 0.0	 3	     1.0000	     0.0000	 230.0	 1	     1.0500	     0.9500;
	21	 2	 0.0	 0.0	 0.0	 0.0	 4	     1.0000	     0.0000	 230.0	 1	     1.0500	     0.9500;
	22	 2	 0.0	 0.0	 0.0	 0.0	 4	     1.0000	     0.0000	 230.0	 1	     1.0500	     0.9500;
	23	 2	 0.0	 0.0	 0.0	 0.0	 3	     1.0000	     0.0000	 230.0	 1	     1.0500	     0.9500;
	24	 1	 0.0	 0.0	 0.0	 0.0	 4	     1.0000	     0.0000	 230.0	 1	     1.0500	     0.9500;
];

%% generator data
%	bus	Pg	Qg	Qmax	Qmin	Vg	mBase	status	Pmax	Pmin	Pc1	Pc2	Qc1min	Qc1max	Qc2min	Qc2max	ramp_agc	ramp_10	ramp_30	ramp_q	apf
mpc.gen = [
	1	 10.0	 0.0	 10.0	 0.0	 1.035	 100.0	 1	 20.0	 16.0	 0.0	 0.0	 0.0	 0.0	 0.0	 0.0	 0.0	 0.0	 0.0	 0.0	 0.0;
	1	 10.0	 0.0	 10.0	 0.0	 1.035	 100.0	 1	 20.0	 16.0	 0.0	 0.0	 0.0	 0.0	 0.0	 0.0	 0.0	 0.0	 0.0	 0.0	 0.0;
	1	 76.0	 0.0	 30.0	 -25.0	 1.035	 100.0	 1	 76.0	 15.2	 0.0	 0.0	 0.0	 0.0	 0.0	 0.0	 0.0	 0.0	 0.0	 0.0	 0.0;
	1	 76.0	 0.0	 30.0	 -25.0	 1.035	 100.0	 1	 76.0	 15.2	 0.0	 0.0	 0.0	 0.0	 0.0	 0.0	 0.0	 0.0	 0.0	 0.0	 0.0;
	2	 10.0	 0.0	 10.0	 0.0	 1.035	 100.0	 1	 20.0	 16.0	 0.0	 0.0	 0.0	 0.0	 0.0	 0.0	 0.0	 0.0	 0.0	 0.0	 0.0;
	2	 10.0	 0.0	 10.0	 0.0	 1.035	 100.0	 1	 20.0	 16.0	 0.0	 0.0	 0.0	 0.0	 0.0	 0.0	 0.0	 0.0	 0.0	 0.0	 0.0;
	2	 76.0	 0.0	 30.0	 -25.0	 1.035	 100.0	 1	 76.0	 15.2	 0.0	 0.0	 0.0	 0.0	 0.0	 0.0	 0.0	 0.0	 0.0	 0.0	 0.0;
	2	 76.0	 0.0	 30.0	 -25.0	 1.035	 100.0	 1	 76.0	 15.2	 0.0	 0.0	 0.0	 0.0	 0.0	 0.0	 0.0	 0.0	 0.0	 0.0	 0.0;
	7	 80.0	 0.0	 60.0	 0.0	 1.025	 100.0	 1	 100.0	 25.0	 0.0	 0.0	 0.0	 0.0	 0.0	 0.0	 0.0	 0.0	 0.0	 0.0	 0.0;
	7	 80.0	 0.0	 60.0	 0.0	 1.025	 100.0	 1	 100.0	 25.0	 0.0	 0.0	 0.0	 0.0	 0.0	 0.0	 0.0	 0.0	 0.0	 0.0	 0.0;
	7	 80.0	 0.0	 60.0	 0.0	 1.025	 100.0	 1	 100.0	 25.0	 0.0	 0.0	 0.0	 0.0	 0.0	 0.0	 0.0	 0.0	 0.0	 0.0	 0.0;
	13	 95.1	 0.0	 80.0	 0.0	 1.02	 100.0	 1	 197.0	 69.0	 0.0	 0.0	 0.0	 0.0	 0.0	 0.0	 0.0	 0.0	 0.0	 0.0	 0.0;
	13	 95.1	 0.0	 80.0	 0.0	 1.02	 100.0	 1	 197.0	 69.0	 0.0	 0.0	 0.0	 0.0	 0.0	 0.0	 0.0	 0.0	 0.0	 0.0	 0.0;
	13	 95.1	 0.0	 80.0	 0.0	 1.02	 100.0	 1	 197.0	 69.0	 0.0	 0.0	 0.0	 0.0	 0.0	 0.0	 0.0	 0.0	 0.0	 0.0	 0.0;
	14	 0.0	 35.3	 200.0	 -50.0	 0.98	 100.0	 1	 0.0	 0.0	 0.0	 0.0	 0.0	 0.0	 0.0	 0.0	 0.0	 0.0	 0.0	 0.0	 0.0;
	15	 12.0	 0.0	 6.0	 0.0	 1.014	 100.0	 1	 12.0	 2.4	 0.0	 0.0	 0.0	 0.0	 0.0	 0.0	 0.0	 0.0	 0.0	 0.0	 0.0;
	15	 12.0	 0.0	 6.0	 0.0	 1.014	 100.0	 1	 12.0	 2.4	 0.0	 0.0	 0.0	 0.0	 0.0	 0.0	 0.0	 0.0	 0.0	 0.0	 0.0;
	15	 12.0	 0.0	 6.0	 0.0	 1.014	 100.0	 1	 12.0	 2.4	 0.0	 0.0	 0.0	 0.0	 0.0	 0.0	 0.0	 0.0	 0.0	 0.0	 0.0;
	15	 12.0	 0.0	 6.0	 0.0	 1.014	 100.0	 1	 12.0	 2.4	 0.0	 0.0	 0.0	 0.0	 0.0	 0.0	 0.0	 0.0	 0.0	 0.0	 0.0;
	15	 12.0	 0.0	 6.0	 0.0	 1.014	 100.0	 1	 12.0	 2.4	 0.0	 0.0	 0.0	 0.0	 0.0	 0.0	 0.0	 0.0	 0.0	 0.0	 0.0;
	15	 155.0	 0.0	 80.0	 -50.0	 1.014	 100.0	 1	 155.0	 54.3	 0.0	 0.0	 0.0	 0.0	 0.0	 0.0	 0.0	 0.0	 0.0	 0.0	 0.0;
	16	 155.0	 0.0	 80.0	 -50.0	 1.017	 100.0	 1	 155.0	 54.3	 0.0	 0.0	 0.0	 0.0	 0.0	 0.0	 0.0	 0.0	 0.0	 0.0	 0.0;
	18	 400.0	 0.0	 200.0	 -50.0	 1.05	 100.0	 1	 400.0	 100.0	 0.0	 0.0	 0.0	 0.0	 0.0	 0.0	 0.0	 0.0	 0.0	 0.0	 0.0;
	21	 400.0	 0.0	 200.0	 -50.0	 1.05	 100.0	 1	 400.0	 100.0	 0.0	 0.0	 0.0	 0.0	 0.0	 0.0	 0.0	 0.0	 0.0	 0.0	 0.0;
	22	 50.0	 0.0	 16.0	 -10.0	 1.05	 100.0	 1	 50.0	 10.0	 0.0	 0.0	 0.0	 0.0	 0.0	 0.0	 0.0	 0.0	 0.0	 0.0	 0.0;
	22	 50.0	 0.0	 16.0	 -10.0	 1.05	 100.0	 1	 50.0	 10.0	 0.0	 0.0	 0.0	 0.0	 0.0	 0.0	 0.0	 0.0	 0.0	 0.0	 0.0;
	22	 50.0	 0.0	 16.0	 -10.0	 1.05	 100.0	 1	 50.0	 10.0	 0.0	 0.0	 0.0	 0.0	 0.0	 0.0	 0.0	 0.0	 0.0	 0.0	 0.0;
	22	 50.0	 0.0	 16.0	 -10.0	 1.05	 100.0	 1	 50.0	 10.0	 0.0	 0.0	 0.0	 0.0	 0.0	 0.0	 0.0	 0.0	 0.0	 0.0	 0.0;
	22	 50.0	 0.0	 16.0	 -10.0	 1.05	 100.0	 1	 50.0	 10.0	 0.0	 0.0	 0.0	 0.0	 0.0	 0.0	 0.0	 0.0	 0.0	 0.0	 0.0;
	22	 50.0	 0.0	 16.0	 -10.0	 1.05	 100.0	 1	 50.0	 10.0	 0.0	 0.0	 0.0	 0.0	 0.0	 0.0	 0.0	 0.0	 0.0	 0.0	 0.0;
	23	 155.0	 0.0	 80.0	 -50.0	 1.05	 100.0	 1	 155.0	 54.3	 0.0	 0.0	 0.0	 0.0	 0.0	 0.0	 0.0	 0.0	 0.0	 0.0	 0.0;
	23	 155.0	 0.0	 80.0	 -50.0	 1.05	 100.0	 1	 155.0	 54.3	 0.0	 0.0	 0.0	 0.0	 0.0	 0.0	 0.0	 0.0	 0.0	 0.0	 0.0;
	23	 350.0	 0.0	 150.0	 -25.0	 1.05	 100.0	 1	 350.0	 140.0	 0.0	 0.0	 0.0	 0.0	 0.0	 0.0	 0.0	 0.0	 0.0	 0.0	 0.0;
];

%% generator cost data
%	2	startup	shutdown	n	c(n-1)	...	c0
